1 1
2 2
3 4
4 11
5 34
6 156
7 1044
8 12346
9 274668
10 12005168
11 1018997864
12 165091172592
13 50502031367952
14 29054155657235488
15 31426485969804308768
16 64001015704527557894928
17 245935864153532932683719776
18 1787577725145611700547878190848
19 24637809253125004524383007491432768
20 645490122795799841856164638490742749440
21 32220272899808983433502244253755283616097664
22 3070846483094144300637568517187105410586657814272
23 559946939699792080597976380819462179812276348458981632
24 195704906302078447922174862416726256004122075267063365754368
25 131331393569895519432161548405816890146389214706146483380458576384
26 169487618400693135671278778610295749756246061427513800357039083537927168
27 421260006519643885757174107650953992882782878952295704539600450662355704738816
28 2019295999678571395728328980890810345860807065053566265347514137546665672316696821760
29 18691352722478956041683441055221773100906878077027397169675907651818104181986752359177684992
30 334494316309257669249439569928080028956631479935393064329967834887217734534880582749030521599504384
31 11585815044205812673379511928863764381265040141261061227725971383046167307510698791401041768792169368940544
32 777510571865055903406188374366190476598442307924741916354899631006385898637671205231827093391614863192904415807488
33 101193386573463039354269401142741027463145963826790815082084909468028166503553807396859190074836698829732761747606799118336
34 25566013871397723851094108820013106182843555852275358804907199250742354688175618766408178934854794054153633107026075263960686854144
35 12549164197724499332787928665161136748157345371749938537602740270461084253679848281438831503478413083988473184510534726477777359587588087808
36 11977388458772799873953356064977318976650944752329747692779507140780841641640773718412697270714800754929242355317935374582404783452389581363139117056
37 22245401441122537868868564803398142511904194053967953790879763782324041919178248020195116340893038253669810597730580240351836662223695425823061713845599518720
38 80457491201254901337398308929645274356058462263629150526204315077739383120423723672260119051897789208826441817911530460393870239476408385830242006909662716202405429248
39 567076581342507135706113467108447436055442659457601167994152875283845260683542902067862230169498474135343143268764009827846226191965906319482518602028026499457099504745425174528
40 7793841167914977954582550817575177766066055272533160501864210580719699592280766598762108507458913936081932965352037372886593259286753883857016383307981863462449691949358853053120648183808
