# G_7/Z_2 merged tournament metagraph, V=272
0 1
0 2
0 3
0 4
0 5
0 6
0 7
0 8
0 9
1 2
1 10
1 11
1 12
1 13
1 14
1 15
2 3
2 6
2 10
2 14
2 16
2 17
2 18
2 19
2 20
2 21
2 22
2 23
2 24
2 25
3 4
3 7
3 10
3 12
3 16
3 23
3 24
3 26
3 27
3 28
3 29
3 30
3 31
3 32
4 5
4 8
4 11
4 12
4 17
4 21
4 24
4 26
4 30
4 33
4 34
4 35
4 36
4 37
4 38
4 39
5 12
5 18
5 27
5 33
5 40
5 41
5 42
5 43
6 7
6 13
6 24
6 28
6 34
6 40
6 44
7 8
7 9
7 10
7 11
7 16
7 19
7 22
7 31
7 35
7 39
7 41
7 44
7 45
7 46
8 11
8 20
8 29
8 36
8 42
8 44
8 45
8 47
9 10
9 38
9 43
9 47
10 11
10 16
10 19
10 22
10 39
10 48
10 49
10 50
10 51
10 52
10 53
10 54
11 12
11 17
11 20
11 22
11 24
11 39
11 49
11 51
11 54
11 55
11 56
11 57
11 58
11 59
12 18
12 21
12 25
12 48
12 50
12 52
12 54
12 55
12 57
12 58
12 60
12 61
12 62
13 14
13 22
13 61
14 15
14 23
14 53
14 59
14 62
15 54
16 17
16 19
16 36
16 55
16 62
16 63
16 64
16 65
16 66
16 67
16 68
16 69
17 18
17 20
17 24
17 26
17 36
17 44
17 49
17 62
17 68
17 70
17 71
17 72
17 73
17 74
17 75
17 76
18 21
18 24
18 25
18 27
18 50
18 55
18 62
18 70
18 77
18 78
18 79
18 80
18 81
18 82
18 83
19 20
19 28
19 56
19 59
19 63
19 71
19 74
19 77
19 84
19 85
19 86
19 87
20 21
20 22
20 29
20 34
20 51
20 56
20 59
20 64
20 66
20 72
20 78
20 88
20 89
20 90
20 91
21 23
21 30
21 40
21 52
21 59
21 65
21 73
21 76
21 79
21 84
21 88
21 92
21 93
21 94
22 23
22 24
22 31
22 44
22 53
22 62
22 66
22 74
22 80
22 87
22 92
23 24
23 25
23 32
23 53
23 54
23 62
23 67
23 69
23 75
23 81
23 85
23 89
23 93
23 95
24 25
24 31
24 39
24 44
24 68
24 82
24 86
24 90
24 94
24 95
25 48
25 69
25 76
25 83
25 87
25 91
26 27
26 36
26 39
26 45
26 49
26 60
26 64
26 68
26 93
26 96
26 97
26 98
26 99
26 100
26 101
27 33
27 39
27 48
27 50
27 55
27 60
27 65
27 81
27 82
27 96
27 102
27 103
27 104
27 105
27 106
28 34
28 61
28 90
28 95
28 97
28 102
29 30
29 31
29 35
29 49
29 51
29 57
29 64
29 66
29 86
29 89
29 90
29 98
29 103
29 107
29 108
29 109
30 32
30 37
30 41
30 50
30 52
30 58
30 65
30 67
30 75
30 94
30 95
30 99
30 101
30 104
30 107
30 110
31 32
31 38
31 39
31 46
31 50
31 51
31 66
31 68
31 69
31 85
31 90
31 100
31 105
31 108
31 110
32 52
32 53
32 67
32 69
32 95
32 101
32 106
32 109
33 36
33 55
33 60
33 70
33 79
33 82
33 96
33 104
33 111
33 112
33 113
33 114
33 115
33 116
34 35
34 40
34 61
34 86
34 94
34 97
34 111
35 38
35 41
35 51
35 58
35 64
35 71
35 90
35 92
35 108
35 110
35 112
35 117
35 118
36 39
36 55
36 56
36 72
36 86
36 88
36 98
36 107
36 108
36 113
36 119
36 120
37 42
37 57
37 73
37 94
37 99
37 114
37 117
37 119
37 121
38 43
38 47
38 49
38 52
38 115
38 120
38 121
39 45
39 48
39 56
39 67
39 74
39 84
39 86
39 100
39 116
39 117
39 118
40 41
40 61
40 82
40 102
40 111
40 122
41 42
41 43
41 52
41 57
41 65
41 77
41 80
41 105
41 112
41 116
41 122
41 123
41 124
42 58
42 78
42 103
42 113
42 122
42 123
42 125
43 50
43 115
43 125
44 45
44 46
44 86
44 90
44 122
45 46
45 56
45 66
45 108
45 123
45 126
46 47
46 49
46 68
46 74
46 118
46 124
46 126
47 51
47 120
47 125
48 55
48 84
48 85
48 87
48 127
48 128
48 129
49 50
49 51
49 64
49 66
49 71
49 86
49 100
49 127
49 130
49 131
49 132
49 133
49 134
50 57
50 65
50 77
50 80
50 87
50 116
50 128
50 130
50 135
50 136
50 137
50 138
51 52
51 68
51 71
51 74
51 118
51 129
51 131
51 135
51 138
51 139
51 140
52 58
52 69
52 77
52 85
52 92
52 117
52 127
52 132
52 133
52 134
52 136
52 139
53 59
53 67
53 85
53 133
53 137
53 140
54 59
54 62
54 84
54 134
54 138
55 70
55 84
55 87
55 88
55 130
55 139
55 141
55 142
55 143
55 144
55 145
56 60
56 68
56 72
56 84
56 90
56 97
56 100
56 118
56 131
56 141
56 143
56 146
56 147
57 58
57 73
57 80
57 82
57 91
57 116
57 129
57 132
57 134
57 142
57 143
57 146
57 148
57 149
58 76
58 78
58 92
58 94
58 117
58 127
58 135
58 138
58 141
58 144
58 146
58 148
58 150
59 61
59 62
59 67
59 75
59 89
59 95
59 133
59 140
59 145
59 147
59 149
59 150
60 76
60 79
60 83
60 84
60 88
60 127
60 128
60 136
60 142
60 144
60 148
60 151
60 152
61 80
61 87
61 92
61 152
62 69
62 81
62 85
62 88
62 93
62 133
62 137
62 145
62 149
62 150
63 72
63 145
64 65
64 66
64 71
64 72
64 74
64 98
64 144
64 149
64 153
64 154
64 155
64 156
64 157
65 67
65 73
65 77
65 85
65 113
65 142
65 145
65 150
65 153
65 158
65 159
65 160
65 161
66 67
66 72
66 86
66 93
66 100
66 108
66 137
66 143
66 154
66 158
66 162
67 75
67 87
67 93
67 119
67 133
67 141
67 145
67 155
67 159
67 163
67 164
68 69
68 71
68 72
68 81
68 83
68 100
68 120
68 130
68 156
68 160
68 163
69 76
69 77
69 83
69 84
69 93
69 107
69 139
69 145
69 157
69 161
69 162
69 164
70 88
70 96
70 130
70 165
70 166
70 167
70 168
71 72
71 77
71 90
71 97
71 131
71 150
71 156
71 165
71 169
71 170
71 171
71 172
72 74
72 79
72 86
72 98
72 131
72 145
72 166
72 173
72 174
72 175
73 75
73 78
73 82
73 89
73 99
73 113
73 122
73 132
73 149
73 160
73 167
73 169
73 173
73 176
73 177
73 178
74 81
74 85
74 90
74 100
74 108
74 133
74 168
74 170
74 176
74 179
75 80
75 86
75 91
75 94
75 101
75 119
75 133
75 134
75 137
75 161
75 163
75 166
75 171
75 174
75 177
76 78
76 81
76 82
76 90
76 95
76 107
76 127
76 161
76 165
76 172
76 175
76 178
76 179
77 78
77 95
77 102
77 145
77 146
77 149
77 165
77 176
77 180
77 181
77 182
77 183
78 80
78 92
78 94
78 103
78 135
78 144
78 146
78 150
78 158
78 166
78 184
78 185
78 186
78 187
79 81
79 82
79 83
79 93
79 104
79 136
79 142
79 145
79 153
79 165
79 167
79 180
79 184
79 188
79 189
80 90
80 91
80 94
80 105
80 133
80 143
80 150
80 158
80 168
80 176
80 183
80 188
81 85
81 106
81 138
81 139
81 141
81 150
81 153
81 166
81 181
81 185
81 190
82 86
82 87
82 93
82 105
82 116
82 130
82 182
82 186
82 189
82 190
83 128
83 139
83 165
83 183
83 187
84 88
84 95
84 102
84 145
84 147
84 169
84 179
84 180
84 191
84 192
85 89
85 95
85 140
85 141
85 145
85 162
85 171
85 181
85 191
85 193
86 87
86 90
86 108
86 118
86 156
86 182
86 192
86 193
87 89
87 91
87 95
87 143
87 145
87 162
87 168
87 172
87 179
87 183
88 107
88 111
88 139
88 147
88 153
88 162
88 173
88 175
88 184
88 193
88 194
89 92
89 94
89 109
89 133
89 137
89 138
89 141
89 155
89 157
89 174
89 185
89 194
89 195
90 95
90 118
90 156
90 186
90 193
90 195
91 94
91 129
91 143
91 157
91 175
91 187
92 95
92 110
92 122
92 140
92 149
92 158
92 162
92 172
92 176
92 179
92 188
93 101
93 107
93 134
93 149
93 153
93 159
93 177
93 191
93 194
93 196
94 95
94 110
94 117
94 122
94 160
94 189
94 192
94 193
94 196
95 163
95 190
95 193
95 195
95 196
96 130
96 151
96 153
96 197
96 198
96 199
97 102
97 151
97 152
97 156
97 196
98 100
98 104
98 108
98 131
98 142
98 154
98 156
98 194
98 197
98 200
98 201
99 101
99 103
99 113
99 116
99 123
99 132
99 148
99 155
99 160
99 177
99 196
99 198
99 200
99 202
99 203
100 106
100 108
100 118
100 126
100 128
100 156
100 164
100 191
100 199
100 202
101 105
101 108
101 117
101 119
101 133
101 136
101 157
101 159
101 163
101 164
101 196
101 197
101 201
101 203
102 111
102 151
102 152
102 186
102 190
103 105
103 112
103 117
103 127
103 135
103 144
103 148
103 158
103 182
103 185
103 186
103 197
103 204
103 205
103 206
104 106
104 114
104 116
104 128
104 136
104 142
104 144
104 159
104 166
104 189
104 190
104 197
104 198
104 204
104 207
105 115
105 116
105 118
105 129
105 136
105 143
105 160
105 161
105 181
105 186
105 199
105 205
105 207
106 127
106 137
106 141
106 161
106 190
106 197
106 206
107 112
107 117
107 130
107 139
107 146
107 153
107 174
107 192
107 200
107 201
107 204
107 208
108 116
108 118
108 131
108 141
108 154
108 162
108 205
108 208
109 110
109 132
109 140
109 155
109 162
109 193
109 201
109 206
110 117
110 121
110 124
110 135
110 157
110 158
110 163
110 171
110 195
110 202
110 207
110 208
111 112
111 151
111 152
111 182
111 189
112 115
112 139
112 148
112 153
112 165
112 186
112 188
112 205
112 207
112 209
112 210
113 114
113 116
113 119
113 141
113 144
113 166
113 182
113 184
113 197
113 204
113 205
113 211
113 212
114 142
114 167
114 189
114 198
114 209
114 211
114 213
115 120
115 130
115 136
115 212
115 213
116 127
116 143
116 159
116 168
116 180
116 182
116 199
116 209
116 210
117 123
117 129
117 146
117 155
117 169
117 176
117 193
117 202
117 209
117 214
118 120
118 127
118 131
118 156
118 163
118 170
118 179
118 210
118 214
119 143
119 173
119 200
119 211
119 215
120 131
120 139
120 212
120 215
121 125
121 132
121 213
121 215
122 123
122 124
122 182
122 186
123 124
123 146
123 158
123 205
123 216
124 125
124 132
124 160
124 176
124 210
124 216
125 135
125 212
126 216
127 139
127 144
127 162
127 172
127 180
127 181
127 192
127 193
127 217
127 218
127 219
128 142
128 162
128 179
128 183
128 217
128 220
129 130
129 168
129 169
129 171
129 218
129 220
130 143
130 153
130 165
130 169
130 173
130 199
130 217
130 221
130 222
131 136
131 156
131 170
131 180
131 218
131 221
131 223
131 224
132 135
132 157
132 158
132 171
132 182
132 202
132 219
132 222
132 223
132 225
132 226
133 140
133 149
133 150
133 155
133 164
133 173
133 181
133 193
133 224
133 225
134 149
134 169
134 180
134 191
134 192
134 226
135 160
135 172
135 176
135 210
135 220
135 221
135 227
135 228
135 229
136 148
136 161
136 169
136 173
136 181
136 183
136 188
136 209
136 217
136 222
136 227
137 149
137 159
137 162
137 173
137 228
138 150
138 169
138 179
138 180
138 229
139 165
139 179
139 180
139 214
139 218
139 223
139 224
139 227
140 150
140 163
140 171
140 224
140 228
141 142
141 166
141 179
141 193
141 196
141 214
141 221
141 224
141 230
141 231
142 167
142 175
142 183
142 191
142 194
142 218
142 222
142 230
142 232
142 233
143 144
143 173
143 174
143 192
143 196
143 199
143 223
143 230
143 232
144 165
144 172
144 175
144 179
144 184
144 217
144 227
144 230
144 231
144 233
145 166
145 173
145 174
145 175
145 194
145 224
146 148
146 160
146 169
146 175
146 186
146 196
146 202
146 210
146 218
146 231
146 232
146 234
147 152
147 163
147 164
147 174
147 195
147 224
147 234
148 178
148 180
148 184
148 187
148 188
148 189
148 209
148 219
148 220
148 231
148 232
148 233
149 157
149 159
149 171
149 174
149 177
149 184
149 190
149 194
149 225
149 234
150 155
150 161
150 175
150 181
150 184
150 185
150 196
150 224
150 228
150 234
151 165
151 217
151 233
151 235
152 172
152 183
152 188
152 235
153 165
153 169
153 197
153 230
153 233
153 234
153 236
153 237
153 238
154 159
154 230
155 158
155 159
155 166
155 168
155 171
155 200
155 225
155 231
155 236
155 239
155 240
156 161
156 170
156 183
156 190
156 217
156 237
156 239
157 160
157 162
157 169
157 172
157 173
157 176
157 177
157 183
157 201
157 227
157 230
157 238
157 240
158 175
158 177
158 193
158 202
158 205
158 228
158 230
158 232
158 241
159 162
159 177
159 194
159 200
159 211
159 230
159 236
159 242
160 163
160 171
160 174
160 185
160 187
160 202
160 212
160 222
160 237
160 242
161 164
161 178
161 180
161 181
161 187
161 196
161 200
161 204
161 218
161 224
161 238
161 241
162 163
162 166
162 182
162 194
162 208
162 223
162 230
162 241
163 172
163 175
163 181
163 183
163 191
163 215
163 221
163 239
163 242
164 183
164 194
164 200
164 214
164 240
165 184
165 217
165 218
165 243
165 244
165 245
165 246
166 167
166 168
166 169
166 175
166 197
166 218
166 221
166 236
166 245
166 247
167 194
167 198
167 222
167 236
167 243
167 248
168 193
168 199
168 244
168 248
169 186
169 196
169 234
169 237
169 243
169 244
169 249
169 250
170 181
170 244
171 173
171 176
171 181
171 193
171 196
171 221
171 228
171 239
171 241
171 245
171 249
172 174
172 182
172 185
172 190
172 195
172 223
172 241
172 244
172 246
172 250
173 174
173 182
173 184
173 197
173 200
173 223
173 236
173 251
173 252
174 176
174 180
174 188
174 192
174 200
174 201
174 221
174 238
174 247
174 251
175 179
175 189
175 193
175 201
175 218
175 223
175 238
175 245
175 252
176 185
176 186
176 195
176 202
176 205
176 225
176 244
176 248
176 250
177 182
177 189
177 203
177 204
177 211
177 225
177 226
177 236
177 242
177 249
177 251
178 185
178 186
178 190
178 204
178 219
178 243
178 250
178 252
179 186
179 190
179 195
179 208
179 224
179 244
179 250
180 184
180 190
180 194
180 237
180 243
180 244
180 250
180 253
181 185
181 190
181 223
181 224
181 231
181 237
181 245
181 254
182 189
182 193
182 205
182 210
182 217
182 253
182 254
183 187
183 189
183 223
183 224
183 232
183 244
183 246
183 248
184 189
184 204
184 224
184 227
184 233
184 236
184 238
184 241
184 245
184 254
185 188
185 206
185 227
185 228
185 229
185 231
185 238
185 247
185 255
186 188
186 192
186 196
186 210
186 217
186 254
186 255
187 188
187 220
187 227
187 232
187 245
188 196
188 207
188 224
188 232
188 234
188 241
188 246
188 248
188 250
189 190
189 194
189 207
189 209
189 222
189 233
189 253
189 254
190 191
190 221
190 233
190 254
190 255
191 194
191 208
191 237
191 249
192 208
192 237
192 253
193 195
193 214
193 237
193 239
193 254
194 201
194 236
194 238
194 239
194 251
195 214
195 239
195 255
196 233
196 237
196 239
196 242
197 198
197 199
197 200
197 217
197 221
197 230
197 233
197 238
197 256
197 257
198 222
198 233
198 236
198 256
198 258
199 200
199 217
199 237
199 258
200 201
200 204
200 205
200 223
200 232
200 251
200 256
200 259
201 202
201 207
201 208
201 222
201 224
201 230
201 236
201 237
201 257
201 259
202 205
202 206
202 210
202 216
202 220
202 239
202 240
202 249
202 258
203 205
203 209
203 211
203 225
203 240
203 242
203 256
203 259
204 209
204 217
204 227
204 231
204 233
204 247
204 253
204 256
204 257
204 260
205 209
205 210
205 214
205 218
205 230
205 231
205 241
205 260
206 207
206 219
206 228
206 231
206 241
206 254
206 257
207 209
207 210
207 213
207 220
207 227
207 232
207 238
207 242
207 245
207 255
207 258
207 260
208 210
208 221
208 230
208 260
209 218
209 232
209 236
209 243
209 248
209 254
209 258
209 261
210 212
210 219
210 223
210 237
210 242
210 244
210 250
210 261
211 230
211 236
211 256
211 262
212 213
212 215
212 221
212 227
212 262
213 222
213 262
214 218
214 239
214 244
214 261
215 223
215 262
217 218
217 223
217 233
217 244
217 246
217 263
217 264
218 237
218 239
218 243
218 244
218 245
218 263
218 265
219 227
219 241
219 253
219 254
219 264
219 265
220 222
220 241
220 248
220 250
220 263
221 222
221 237
221 244
221 250
221 252
221 263
221 266
222 232
222 238
222 245
222 249
222 251
222 258
222 264
222 266
223 227
223 239
223 247
223 253
223 265
223 266
224 239
224 245
224 247
224 252
225 228
225 240
225 247
225 251
225 254
226 249
226 253
227 246
227 250
227 252
227 261
227 263
227 266
228 241
228 242
228 252
229 250
230 236
230 242
230 266
231 232
231 242
231 244
231 245
231 254
231 261
231 263
231 266
232 237
232 238
232 242
232 252
232 258
232 265
232 266
233 243
233 245
233 246
233 263
233 264
233 266
234 238
234 240
234 242
234 245
234 255
235 246
236 240
236 249
236 256
236 259
236 266
236 267
237 238
237 255
237 264
237 267
238 242
238 243
238 250
238 257
238 259
238 263
238 266
239 241
239 244
239 248
239 254
239 263
239 267
240 241
240 248
240 259
240 261
241 242
241 245
241 251
241 254
241 260
241 265
241 266
242 249
242 262
242 266
242 267
243 264
243 267
243 268
244 245
244 254
244 268
245 263
245 265
245 267
246 265
246 268
247 248
247 250
247 257
247 259
247 263
248 258
248 268
249 254
249 260
249 267
250 255
250 260
250 268
251 253
251 256
251 257
251 259
252 254
252 257
252 265
252 267
253 254
253 260
253 264
254 261
254 263
254 264
255 261
255 263
256 259
256 266
256 269
257 258
257 264
257 266
257 269
258 259
258 263
258 267
259 260
259 269
260 261
260 263
260 266
261 265
261 267
261 268
262 266
263 264
263 265
263 268
263 270
264 265
264 270
265 270
266 267
266 270
267 270
268 271
