======================================================================
KNOWN g_k POLYNOMIALS
======================================================================
g_1(m) = x = x  (degree 1)
g_2(m) = x**2 = x**2  (degree 2)
g_3(m) = x*(2*x**2 + 1)/3 = 2*x**3/3 + x/3  (degree 3)
g_4(m) = x**2*(x**2 + 2)/3 = x**4/3 + 2*x**2/3  (degree 4)
g_5(m) = x*(74*x**3 - 352*x**2 + 550*x - 269)/3 = 74*x**4/3 - 352*x**3/3 + 550*x**2/3 - 269*x/3  (degree 4)

Computing W(n)...
  W(3) = 8  (0.0s)
  W(4) = 32  (0.0s)
  W(5) = 158  (0.0s)
  W(6) = 928  (0.0s)
  W(7) = 6350  (0.0s)
  W(8) = 49752  (0.0s)
  W(9) = 439670  (0.0s)
  W(10) = 4327904  (0.0s)
  W(11) = 46963358  (0.0s)
  W(12) = 556953448  (0.0s)
  W(13) = 7166360054  (0.1s)
  W(14) = 99428495088  (0.2s)
  W(15) = 1479600188798  (0.5s)
  W(16) = 23506712352248  (1.2s)
  W(17) = 397095175477430  (2.7s)
  W(18) = 7107209383674112  (6.2s)
  W(19) = 134345623603516190  (14.2s)
  W(20) = 2674426516381764744  (32.4s)
  W(21) = 55925062706620208438  (73.5s)

======================================================================
DEEP CASCADE: extracting g_6, g_7, g_8, ...
======================================================================
n=13: RESIDUAL = -1/3243240 = -3.083336e-07
n=14: RESIDUAL = -1/1513512 = -6.607149e-07
n=15: g_6(3) = -87607
n=16: g_6(4) = -344816
n=17: 2 unknowns: [(6, 5), (7, 3)]
n=18: 2 unknowns: [(6, 6), (7, 4)]
n=19: 3 unknowns: [(6, 7), (7, 5), (8, 3)]
n=20: 3 unknowns: [(6, 8), (7, 6), (8, 4)]
n=21: 4 unknowns: [(6, 9), (7, 7), (8, 5), (9, 3)]

======================================================================
g_6 POLYNOMIAL FIT
======================================================================
Integer data points: 5
  g_6(0) = 0
  g_6(1) = 1
  g_6(2) = 12
  g_6(3) = -87607
  g_6(4) = -344816

→ g_6(m) = x*(710*x**3 - 48080*x**2 + 139285*x - 91912)/3 (through 5 points)

======================================================================
SECOND PASS: extracting g_7 using g_6 polynomial
======================================================================
n=17: g_7(3) = -3908061
n=18: g_7(4) = -29299684

g_7 integer data: 5 points
  g_7(0) = 0
  g_7(1) = 1
  g_7(2) = 14
  g_7(3) = -3908061
  g_7(4) = -29299684

→ g_7(m) = -x*(1708420*x**3 - 8296470*x**2 + 12930452*x - 6342405)/3 (through 5 points)

======================================================================
THIRD PASS: extracting g_8 using g_7 polynomial
======================================================================
n=19: g_8(3) = -395252031
n=20: g_8(4) = -3979785856

g_8 integer data: 5 points
  g_8(0) = 0
  g_8(1) = 1
  g_8(2) = 16
  g_8(3) = -395252031
  g_8(4) = -3979785856

→ g_8(m) = -x*(299847205*x**3 - 1601457192*x**2 + 2705441120*x - 1403831136)/3 (through 5 points)

======================================================================
SUMMARY: g_k POLYNOMIALS
======================================================================
g_1(m) = x  (degree 1)
g_2(m) = x**2  (degree 2)
g_3(m) = x*(2*x**2 + 1)/3  (degree 3)
g_4(m) = x**2*(x**2 + 2)/3  (degree 4)
g_5(m) = x*(74*x**3 - 352*x**2 + 550*x - 269)/3  (degree 4)
g_6(m) = x*(710*x**3 - 48080*x**2 + 139285*x - 91912)/3  (degree 4)
g_7(m) = -x*(1708420*x**3 - 8296470*x**2 + 12930452*x - 6342405)/3  (degree 4)

Degree sequence:
  k=1: degree 1
  k=2: degree 2
  k=3: degree 3
  k=4: degree 4
  k=5: degree 4
  k=6: degree 4
  k=7: degree 4

Leading coefficients:
  k=1: leading coeff = 1
  k=2: leading coeff = 1
  k=3: leading coeff = 2/3
  k=4: leading coeff = 1/3
  k=5: leading coeff = 74/3
  k=6: leading coeff = 710/3
  k=7: leading coeff = -1708420/3

g_k(1) check:
  g_1(1) = 1 ✓
  g_2(1) = 1 ✓
  g_3(1) = 1 ✓
  g_4(1) = 1 ✓
  g_5(1) = 1 ✓
  g_6(1) = 1 ✓
  g_7(1) = 1 ✓

g_k(2) check:
  g_1(2) = 2, expected 2 ✓
  g_2(2) = 4, expected 4 ✓
  g_3(2) = 6, expected 6 ✓
  g_4(2) = 8, expected 8 ✓
  g_5(2) = 10, expected 10 ✓
  g_6(2) = 12, expected 12 ✓
  g_7(2) = 14, expected 14 ✓

Done!
