0
2
4
5
8
9
10
11
12
16
17
18
19
20
21
22
23
24
25
26
28
32
33
34
35
36
37
38
39
40
41
42
43
44
45
46
47
48
49
50
51
52
53
54
56
57
58
60
136
137
144
145
147
151
152
153
160
161
163
167
168
169
171
175
176
177
179
184
185
268
272
273
274
275
276
277
278
280
281
282
284
288
289
290
291
292
293
294
295
296
297
298
299
300
301
302
303
304
305
306
307
308
309
310
312
313
314
316
336
337
338
339
341
352
353
354
355
357
359
365
367
368
369
370
371
373
536
537
538
544
545
546
547
548
549
550
551
552
553
554
555
556
557
558
560
561
562
563
564
565
566
568
569
570
572
601
602
608
609
610
611
612
613
614
615
616
617
618
619
620
621
622
624
625
626
627
628
629
630
632
633
634
636
664
665
672
673
674
675
676
677
678
679
680
681
682
683
684
685
686
688
689
690
691
692
693
694
696
697
698
700
729
736
737
738
739
740
741
742
743
745
747
749
761
792
800
801
802
803
804
805
806
807
808
809
810
811
812
813
814
816
817
818
819
820
821
822
824
825
826
828
1072
1073
1074
1075
1076
1077
1078
1080
1081
1082
1137
1138
1139
1140
1141
1142
1144
1145
1192
1193
1194
1196
1200
1201
1202
1203
1204
1205
1206
1208
1209
1265
1267
1269
1270
1272
1273
1322
1324
1325
1328
1329
1330
1331
1332
1333
1336
1337
1388
1389
1392
1393
1394
1395
1396
1397
1400
1401
1456
1457
1458
1459
1460
1461
1464
1465
1521
1523
1525
1529
1584
1586
1587
1588
1589
1592
1593
1650
1652
1653
1656
1657
1720
1721
4640
4641
4642
4643
4646
4654
4656
4657
4658
4659
4692
4704
4705
4706
4707
4708
4709
4710
4712
4713
4714
4715
4716
4718
4720
4721
4722
4724
4725
4728
4729
5168
5169
5170
5171
5228
5232
5233
5234
5235
5236
5237
5240
5241
5360
5361
5362
5363
5364
5365
5368
5369
5617
5619
5680
5682
5683
5748
5749
8992
8993
8995
8997
9256
9257
9258
9259
9260
9268
9269
9272
9273
9320
9321
9323
9324
9332
9333
9336
9384
9385
9386
9387
9388
9392
9393
9394
9395
9396
9397
9400
9449
9452
9457
9464
9512
9514
9520
9521
9522
9524
9528
9529
9585
9586
9593
9649
9652
9653
9657
9780
9781
9784
9848
11369
11371
11384
11500
17976
22066
85298
