0 1
1 1
2 6
3 16
4 103
5 497
6 3253
7 19735
8 120843
9 681474
10 3561696
11 16938566
12 73500514
13 290751447
14 1052201890
15 3492397119
16 10666911842
17 30064448972
18 78409442414
19 189678764492
20 426539774378
21 893346071377
22 1745593733454
23 3186944273554
24 5443544478011
25 8708686182967
26 13061946976545
27 18382330104696
28 24289841497881
29 30151914536933
30 35176482187398
31 38580161986426
32 39785643746726
33 38580161986426
34 35176482187398
35 30151914536933
36 24289841497881
37 18382330104696
38 13061946976545
39 8708686182967
40 5443544478011
41 3186944273554
42 1745593733454
43 893346071377
44 426539774378
45 189678764492
46 78409442414
47 30064448972
48 10666911842
49 3492397119
50 1052201890
51 290751447
52 73500514
53 16938566
54 3561696
55 681474
56 120843
57 19735
58 3253
59 497
60 103
61 16
62 6
63 1
64 1
