1001 None None 2752
1003 218 None 2742
1005 42 218 2739
1007 None None 3096
1009 888 None 3094
1011 50 888 3070
1013 333 333 3060
1015 346 346 3058
1017 103 346 3053
1019 1933 1933 3051
1021 510 1933 3046
1023 510 33 3044
1025 358 510 3042
1027 85 358 3032
1029 85 64 3024
1031 510 510 3014
1033 1812 1812 3012
1035 1812 133 3003
1037 510 1812 2998
1039 None None 2972
1041 None 1812 2948
1043 None 149 2946
1045 81 None 2944
1047 1011 1011 2938
1049 91 1011 2929
1051 552 552 2927
1053 46 552 2922
1055 9 46 2907
1057 918 918 2899
1059 918 388 2887
1061 1011 1011 2855
1063 18 1011 2853
1065 1011 1011 2850
1067 234 1011 2846
1069 918 918 2844
1071 1011 1011 2826
1073 1011 918 2824
1075 17 1011 2819
1077 918 918 2812
1079 84 918 2810
1081 None None 3160
1083 None 331 2791
1085 121 None 2781
1087 121 37 2775
1089 121 62 2770
1091 70 121 2768
1093 None None 3077
1095 406 None 3073
1097 406 134 3071
1099 406 163 3068
1101 590 590 3064
1103 10 590 3061
1105 1479 1479 3055
1107 609 1479 3044
1109 339 609 3024
1111 609 609 3011
1113 None None 3380
1115 96 None 3372
1117 677 677 3370
1119 9 677 3368
1121 677 677 3361
1123 493 677 3347
1125 677 677 3341
1127 677 76 3327
1129 83 677 3312
1131 493 493 3299
1133 141 493 3260
1135 11 141 3252
1137 None None 3573
1139 16 None 3571
1141 None None 3370
1143 None 209 3555
1145 None 696 3321
1147 1770 None 3316
1149 3720 3720 3141
1151 3720 1770 3306
1153 3720 29 3133
1155 None None 3479
1157 120 None 3474
1159 13 120 3458
1161 66 66 3454
1163 972 972 3449
1165 205 972 3447
1167 27 205 3440
1169 65 65 3438
1171 3353 3353 3428
1173 97 3353 3423
1175 407 407 3410
1177 None None 3153
1179 None 407 3370
1181 156 None 3363
1183 9 156 3337
1185 None None 3105
1187 None 381 3321
1189 292 None 3314
1191 14 292 3310
1193 292 292 3302
1195 1030 1030 3300
1197 2756 2756 3293
1199 2756 894 3291
1201 None None 3083
1203 None 120 3281
1205 120 None 3279
1207 2756 2756 3266
1209 17 2756 3238
1211 306 306 3228
1213 41 306 3226
1215 671 671 3223
1217 671 250 3219
1219 671 91 3217
1221 671 250 3201
1223 11 671 3199
1225 None None 3745
1227 134 None 3702
1229 597 597 3699
1231 10 597 3682
1233 48 48 3666
1235 597 597 3620
1237 None None 3213
1239 333 None 3210
1241 None None 3610
1243 148 None 3608
1245 148 99 3603
1247 9 148 3598
1249 148 148 3591
1251 4108 4108 3748
1253 312 4108 3741
1255 None None 3131
1257 20 None 3122
1259 23 23 3120
1261 None None 3695
1263 358 None 3692
1265 1221 1221 3690
1267 1221 358 3684
1269 358 1221 3666
1271 592 592 3660
1273 1221 1221 3632
1275 1512 1512 3624
1277 1512 357 3622
1279 279 1512 3606
1281 1512 1512 3604
1283 1512 279 3602
1285 75 1512 3600
1287 12 75 3596
1289 15 15 3594
1291 1512 1512 3573
1293 611 1512 3568
1295 611 96 3550
1297 845 845 3547
1299 845 205 3540
1301 611 845 3527
1303 611 205 3510
1305 27 611 3502
1307 611 611 3494
1309 95 611 3485
1311 9 95 3483
1313 1142 1142 3475
1315 23 1142 3473
1317 411 411 3470
1319 78 411 3468
1321 31 78 3462
1323 188 188 3457
1325 37 188 3447
1327 12 37 3440
1329 None None 3904
1331 191 None 3901
1333 165 191 3899
1335 None None 4228
1337 1907 None 4202
1339 None None 3855
1341 None 239 4197
1343 None 35 3830
1345 None None 3357
1347 12 None 3351
1349 64 64 3349
1351 None None 4128
1353 1907 None 4125
1355 1484 1907 4089
1357 568 1484 4087
1359 10 568 4079
1361 155 155 4077
1363 44 155 4075
1365 22 44 4054
1367 4378 4378 4009
1369 4378 568 4023
1371 23 4378 4016
1373 2602 2602 4009
1375 9 2602 3988
1377 23 23 3980
1379 2602 2602 3975
1381 4378 4378 3916
1383 4378 2602 3961
1385 34 4378 3959
1387 2602 2602 3930
1389 4378 4378 3894
1391 11 4378 3887
1393 4378 4378 3920
1395 4378 67 3870
1397 142 4378 3868
1399 175 175 3861
1401 475 475 3855
1403 419 475 3848
1405 419 64 3838
1407 419 277 3834
1409 43 419 3832
1411 419 419 3830
1413 7019 7019 4172
1415 14 7019 4170
1417 47 47 4157
1419 7019 7019 3799
1421 32 7019 3793
1423 7019 7019 4145
1425 114 7019 4133
1427 7019 7019 3707
1429 7019 1392 4129
1431 1392 7019 4118
1433 366 1392 4114
1435 886 886 4109
1437 886 85 4106
1439 9 886 4104
1441 1392 1392 4019
1443 1392 159 3966
1445 145 1392 3963
1447 13 145 3935
1449 886 886 3899
1451 None None 4464
1453 74 None 4457
1455 162 162 4452
1457 162 129 4450
1459 24 162 4412
1461 268 268 4410
1463 123 268 4404
1465 268 268 4353
1467 268 123 4340
1469 724 724 4321
1471 724 116 4301
1473 724 149 4299
1475 13 724 4293
1477 None None 4427
1479 11 None 4395
1481 85 85 4393
1483 565 565 4384
1485 565 391 4381
1487 10 565 4363
1489 None None 4207
1491 47 None 4199
1493 None None 4349
1495 565 None 4301
1497 472 565 4296
1499 458 472 4288
1501 87 458 4286
1503 9 87 4284
1505 33 33 4278
1507 472 472 4276
1509 3627 3627 4273
1511 347 3627 4239
1513 None None 4339
1515 None 92 4219
1517 347 None 4214
1519 19 347 4209
1521 None None 4281
1523 None 59 4184
1525 None 542 4239
1527 1864 None 4210
1529 374 1864 4202
1531 56 374 4187
1533 374 374 4185
1535 1864 1864 4180
1537 1864 97 4178
1539 374 1864 4173
1541 673 673 4149
1543 673 34 4139
1545 55 673 4137
1547 None None 4710
1549 26 None 4708
1551 31 31 4706
1553 1313 1313 4696
1555 1313 336 4694
1557 None None 4429
1559 None 350 4687
1561 280 None 4677
1563 42 280 4674
1565 None None 4383
1567 9 None 4381
1569 None None 4630
1571 31 None 4626
1573 None None 4350
1575 19 None 4335
1577 228 228 4328
1579 1537 1537 4323
1581 118 1537 4285
1583 1537 1537 4283
1585 1537 62 4273
1587 20 1537 4266
1589 1537 1537 4263
1591 124 1537 4257
1593 None None 4458
1595 279 None 4452
1597 279 212 4435
1599 279 18 4427
1601 910 910 4411
1603 910 279 4407
1605 910 132 4405
1607 35 910 4390
1609 414 414 4350
1611 414 184 4347
1613 1564 1564 4343
1615 10 1564 4340
1617 501 501 4336
1619 76 501 4329
1621 501 501 4327
1623 223 501 4306
1625 501 501 4303
1627 21 501 4282
1629 7445 7445 5037
1631 9 7445 5023
1633 7445 7445 4247
1635 42 7445 4245
1637 145 145 4238
1639 7445 7445 4965
1641 1970 7445 4933
1643 1970 32 4930
1645 1970 1256 4928
1647 11 1970 4923
1649 1256 1256 4919
1651 1256 631 4904
1653 1970 1970 4901
1655 1970 1256 4899
1657 1483 1970 4882
1659 1970 1970 4877
1661 None None 5249
1663 20 None 5239
1665 None None 4863
1667 None 392 5232
1669 65 None 5224
1671 None None 4853
1673 None 39 5169
1675 463 None 5167
1677 None None 4837
1679 90 None 4827
1681 2893 2893 4825
1683 16 2893 4817
1685 182 182 4794
1687 None None 5085
1689 23 None 5076
1691 None None 4785
1693 463 None 4775
1695 9 463 4772
1697 788 788 4768
1699 15 788 4764
1701 343 343 4756
1703 15 343 4754
1705 67 67 4731
1707 343 343 4720
1709 1343 1343 4715
1711 14 1343 4713
1713 1343 1343 4706
1715 19 1343 4674
1717 63 63 4669
1719 None None 5095
1721 None 52 4658
1723 1343 None 4653
1725 None None 4800
1727 None None 4996
1729 None 139 4796
1731 16 None 4794
1733 40 40 4784
1735 11 40 4774
1737 None None 4953
1739 126 None 4946
1741 None None 4759
1743 10 None 4752
1745 None None 4915
1747 302 None 4911
1749 302 124 4903
1751 None None 4741
1753 None 690 4883
1755 114 None 4849
1757 89 114 4798
1759 9 89 4795
1761 82 82 4783
1763 None None 5136
1765 None 205 4778
1767 81 None 4771
1769 None None 5105
1771 268 None 5101
1773 77 268 5096
1775 84 84 5086
1777 84 46 5083
1779 20 84 5070
1781 None None 4752
1783 42 None 4750
1785 100 100 4745
1787 1384 1384 4737
1789 1384 123 4731
1791 1384 120 4729
1793 1384 249 4727
1795 14 1384 4719
1797 1384 1384 4716
1799 12 1384 4710
1801 1384 1384 4704
1803 None None 5589
1805 4653 None 5582
1807 None None 4685
1809 1131 None 4683
1811 None None 5564
1813 262 None 5562
1815 583 583 5560
1817 583 262 5531
1819 18 583 5527
1821 230 230 5524
1823 9 230 5520
1825 333 333 5513
1827 29 333 5502
1829 None None 4812
1831 None 4653 5498
1833 None 126 4794
1835 126 None 4787
1837 126 65 4783
1839 12 126 4775
1841 None None 5429
1843 115 None 5400
1845 42 115 5393
1847 4653 4653 5331
1849 4653 63 5313
1851 4653 234 5310
1853 744 4653 5306
1855 4378 4378 5269
1857 4378 744 5267
1859 12 4378 5264
1861 4653 4653 5262
1863 4653 31 5255
1865 4378 4653 5253
1867 4653 4653 5248
1869 4653 57 5243
1871 10 4653 5241
1873 4653 4653 5235
1875 79 4653 5227
1877 79 30 5224
1879 None None 4538
1881 None 4653 5208
1883 4653 None 5180
1885 4653 185 5176
1887 9 4653 5172
1889 17 17 5167
1891 360 360 5156
1893 356 360 5154
1895 1657 1657 5148
1897 1657 517 5146
1899 517 1657 5133
1901 1657 1657 5128
1903 11 1657 5104
1905 1657 1657 5094
1907 1657 455 5089
1909 None None 5585
1911 272 None 5581
1913 272 84 5579
1915 278 278 5575
1917 30 278 5562
1919 26 30 5540
1921 222 222 5517
1923 None None 4933
1925 260 None 4931
1927 50 260 4899
1929 None None 5298
1931 190 None 5292
1933 None None 5420
1935 None 36 5273
1937 65 None 5246
1939 29 65 5236
1941 None None 5350
1943 None None 5481
1945 72 None 5477
1947 None None 5274
1949 884 None 5262
1951 9 884 5254
1953 None None 5412
1955 24 None 5399
1957 97 97 5392
1959 120 120 5381
1961 1914 1914 5377
1963 1914 160 5371
1965 1914 116 5364
1967 13 1914 5362
1969 52 52 5358
1971 5233 5233 5351
1973 11927 11927 5717
1975 11927 682 5344
1977 49 11927 5338
1979 11927 11927 5698
1981 11927 1971 5311
1983 11927 20 5674
1985 511 11927 5664
1987 36 511 5625
1989 152 152 5620
1991 11 152 5615
1993 11927 11927 5268
1995 11927 2191 5610
1997 2191 11927 5604
1999 10 2191 5575
2001 2191 2191 5572
2003 310 2191 5567
2005 681 681 5565
2007 178 681 5563
2009 681 681 5559
2011 70 681 5544
2013 310 310 5515
2015 9 310 5510
2017 310 310 5505
2019 681 681 5502
2021 3534 3534 5496
2023 3534 681 5480
2025 3534 117 5472
2027 3534 2191 5459
2029 2191 3534 5452
2031 2191 713 5447
2033 2191 20 5443
2035 2191 73 5441
2037 66 2191 5439
2039 3534 3534 5437
2041 8128 8128 5717
2043 8128 41 5433
2045 8128 264 5697
2047 8128 15 5418
2049 136 8128 5415
2051 8128 8128 5674
2053 129 8128 5664
2055 129 57 5605
2057 30 129 5592
2059 553 553 5585
2061 40 553 5583
2063 155 155 5581
2065 4727 4727 5571
2067 4727 238 5566
2069 2497 4727 5564
2071 2497 106 5561
2073 2497 2395 5557
2075 2395 2497 5534
2077 2395 435 5531
2079 9 2395 5526
2081 40 40 5519
2083 2395 2395 5510
2085 2395 160 5508
2087 15 2395 5495
2089 107 107 5492
2091 76 107 5487
2093 2395 2395 5483
2095 76 2395 5481
2097 178 178 5474
2099 178 76 5449
2101 2395 2395 5427
2103 370 2395 5422
2105 49 370 5417
2107 370 370 5410
2109 279 370 5408
2111 279 20 5406
2113 184 279 5401
2115 370 370 5399
2117 None None 5941
2119 None 370 5389
2121 65 None 5387
2123 1209 1209 5348
2125 99 1209 5346
2127 10 99 5335
2129 99 99 5331
2131 None None 6176
2133 27 None 6174
2135 543 543 6167
2137 None None 5312
2139 None 790 6115
2141 87 None 6102
2143 9 87 6092
2145 99 99 6089
2147 790 790 6080
2149 100 790 6063
2151 100 62 6061
2153 100 24 6055
2155 157 157 6044
2157 157 95 6042
2159 11 157 6040
2161 48 48 6032
2163 7675 7675 6380
2165 506 7675 6376
2167 15 506 6355
2169 1431 1431 6353
2171 1431 55 6347
2173 1431 732 6343
2175 59 1431 6339
2177 732 732 6329
2179 226 732 6326
2181 1979 1979 6321
2183 13 1979 6317
2185 1979 1979 6315
2187 2275 2275 6313
2189 9497 9497 6151
2191 9497 18 6295
2193 9497 994 6131
2195 9497 2275 6283
2197 9497 76 6119
2199 17 9497 6117
2201 994 994 6114
2203 31 994 6108
2205 9497 9497 6262
2207 9 9497 6260
2209 None None 6733
2211 None 9497 6070
2213 None 214 6713
2215 None 448 6065
2217 1891 None 6063
2219 None None 6701
2221 None 1891 6057
2223 1891 None 6042
2225 22 1891 6031
2227 1891 1891 6029
2229 1891 416 6024
2231 416 1891 6015
2233 74 416 5983
2235 None None 6658
2237 159 None 6632
2239 159 25 6624
2241 159 112 6606
2243 14 159 6604
2245 None None 5949
2247 11 None 5947
2249 None None 6576
2251 417 None 6574
2253 3329 3329 6567
2255 10 3329 6564
2257 6900 6900 6604
2259 None None 5907
2261 42 None 5905
2263 None None 6522
2265 228 None 6500
2267 228 48 6491
2269 6900 6900 6551
2271 9 6900 6549
2273 67 67 6531
2275 902 902 6529
2277 57 902 6508
2279 902 902 6503
2281 902 236 6500
2283 4574 4574 6494
2285 4574 902 6491
2287 162 4574 6489
2289 162 142 6485
2291 23 162 6483
2293 4574 4574 6475
2295 2298 4574 6473
2297 60 2298 6471
2299 38 60 6445
2301 136 136 6424
2303 304 304 6422
2305 304 47 6349
2307 18 304 6342
2309 867 867 6340
2311 12 867 6329
2313 31 31 6317
2315 2298 2298 6313
2317 1843 2298 6300
2319 1843 309 6292
2321 2298 2298 6282
2323 2298 1843 6280
2325 23 2298 6248
2327 126 126 6238
2329 364 364 6234
2331 182 364 6226
2333 48 182 6200
2335 9 48 6189
2337 555 555 6187
2339 31 555 6175
2341 35 35 6165
2343 84 84 6159
2345 9921 9921 6513
2347 589 9921 6508
2349 None None 7757
2351 12 None 7753
2353 None None 6111
2355 None 641 7736
2357 None 94 6099
2359 23 None 6092
2361 None None 7702
2363 120 None 7668
2365 37 120 7660
2367 37 30 7656
2369 None None 6065
2371 12 None 6059
2373 None None 7628
2375 103 None 7574
2377 None None 6026
2379 1703 None 6024
2381 146 1703 6021
2383 10 146 6006
2385 146 146 5964
2387 111 146 5956
2389 1557 1557 5953
2391 1703 1703 5944
2393 1703 83 5942
2395 50 1703 5939
2397 1703 1703 5930
2399 9 1703 5928
2401 417 417 5926
2403 97 417 5923
2405 417 417 5921
2407 1703 1703 5917
2409 104 1703 5915
2411 617 617 5913
2413 521 617 5910
2415 11 521 5903
2417 11447 11447 6715
2419 143 11447 6707
2421 92 143 6692
2423 11447 11447 5882
2425 11447 498 6582
2427 498 11447 6572
2429 None None 7320
2431 None 60 6559
2433 498 None 6544
2435 19 498 6536
2437 None None 7304
2439 118 None 7301
2441 118 23 7295
2443 118 89 7282
2445 None None 6483
2447 414 None 6468
2449 None None 7573
2451 None 647 6418
2453 647 None 6415
2455 647 174 6368
2457 546 647 6363
2459 546 111 6330
2461 699 699 6328
2463 9 699 6322
2465 26 26 6295
2467 699 699 6272
2469 654 699 6270
2471 13 654 6253
2473 None None 7460
2475 88 None 7456
2477 12431 12431 7194
2479 12431 45 7444
2481 88 12431 7436
2483 12431 12431 7147
2485 12431 1373 7424
2487 12431 74 7142
2489 12431 707 7414
2491 1163 12431 7410
2493 76 1163 7407
2495 76 27 7398
2497 122 122 7396
2499 13 122 7394
2501 1163 1163 7376
2503 11 1163 7366
2505 1958 1958 7360
2507 1958 73 7340
2509 32 1958 7335
2511 10 32 7325
2513 7823 7823 7227
2515 7823 707 7302
2517 7823 2541 7172
2519 52 7823 7162
2521 52 35 7160
2523 752 752 7148
2525 99 752 7138
2527 9 99 7122
2529 284 284 7115
2531 284 145 7105
2533 1960 1960 7103
2535 2541 2541 7098
2537 82 2541 7092
2539 119 119 7071
2541 2541 2541 7062
2543 2541 412 7059
2545 None None 7405
2547 21 None 7403
2549 None None 6997
2551 None 2088 7396
2553 158 None 7381
2555 2836 2836 7376
2557 2836 892 7374
2559 2836 19 7353
2561 2836 892 7351
2563 444 2836 7338
2565 2836 2836 7316
2567 20 2836 7312
2569 298 298 7297
2571 247 298 7286
2573 247 196 7282
2575 36 247 7275
2577 58 58 7273
2579 196 196 7268
2581 196 192 7260
2583 196 36 7236
2585 None None 6818
2587 562 None 6810
2589 43 562 6807
2591 9 43 6805
2593 None None 7864
2595 43 None 7858
2597 None None 7166
2599 293 None 7164
2601 None None 7839
2603 242 None 7837
2605 335 335 7830
2607 12332 12332 7575
2609 150 12332 7558
2611 12332 12332 7769
2613 1261 12332 7738
2615 31 1261 7733
2617 1261 1261 7731
2619 38 1261 7721
2621 12332 12332 7491
2623 12332 66 7706
2625 12332 34 7474
2627 55 12332 7472
2629 720 720 7469
2631 6498 6498 7467
2633 12332 12332 7596
2635 190 12332 7583
2637 2018 2018 7575
2639 10 2018 7571
2641 125 125 7569
2643 2018 2018 7567
2645 12332 12332 7423
2647 6498 12332 7416
2649 6498 75 7409
2651 22 6498 7406
2653 12332 12332 7538
2655 9 12332 7527
2657 99 99 7523
2659 None None 8123
2661 None 55 7505
2663 230 None 7501
2665 19 230 7499
2667 401 401 7496
2669 None None 8048
2671 11 None 8024
2673 2253 2253 8017
2675 14 2253 8015
2677 None None 7476
2679 14 None 7473
2681 None None 7990
2683 38 None 7979
2685 726 726 7975
2687 25 726 7972
2689 None None 7428
2691 1425 None 7391
2693 1425 204 7383
2695 590 1425 7379
2697 None None 7940
2699 None 590 7369
2701 528 None 7367
2703 528 24 7336
2705 528 72 7334
2707 528 72 7330
2709 1425 1425 7324
2711 608 1425 7307
2713 195 608 7305
2715 195 176 7303
2717 195 130 7301
2719 9 195 7299
2721 1425 1425 7296
2723 17 1425 7291
2725 None None 7766
2727 34 None 7757
2729 2227 2227 7695
2731 344 2227 7677
2733 2227 2227 7675
2735 2227 141 7612
2737 None None 7161
2739 19 None 7156
2741 None None 7599
2743 17 None 7597
2745 1473 1473 7571
2747 116 1473 7552
2749 None None 8197
2751 None 1473 7534
2753 287 None 7530
2755 15 287 7527
2757 287 287 7525
2759 11 287 7516
2761 None None 8099
2763 1025 None 8078
2765 None None 7482
2767 10 None 7477
2769 None None 8047
2771 1242 None 8045
2773 1242 115 8043
2775 240 1242 8041
2777 51 240 8032
2779 51 19 7995
2781 None None 8532
2783 9 None 8529
2785 None None 7970
2787 23 None 7967
2789 4995 4995 7949
2791 31 4995 7947
2793 4995 4995 7945
2795 40 4995 7940
2797 None None 8456
2799 None 4995 7931
2801 None 24 8449
2803 None 1171 7892
2805 488 None 7879
2807 432 488 7877
2809 1171 1171 7875
2811 41 1171 7849
2813 2168 2168 7790
2815 2168 253 7788
2817 78 2168 7786
2819 426 426 7784
2821 None None 8383
2823 12 None 8381
2825 481 481 8371
2827 223 481 8369
2829 223 153 8366
2831 223 28 8360
2833 None None 7710
2835 142 None 7705
2837 None None 8338
2839 None 2151 7698
2841 2151 None 7696
2843 16 2151 7694
2845 33 33 7658
2847 9 33 7649
2849 2151 2151 7640
2851 378 2151 7632
2853 60 378 7619
2855 20 60 7602
2857 765 765 7580
2859 765 378 7560
2861 69 765 7530
2863 12 69 7528
2865 54 54 7526
2867 765 765 7487
2869 56 765 7482
2871 None None 8346
2873 None 27 7470
2875 None 261 8339
2877 179 None 8337
2879 261 261 8335
2881 None None 8068
2883 12 None 8066
2885 166 166 8059
2887 19 166 8054
2889 166 166 8041
2891 None None 8316
2893 179 None 8314
2895 10 179 8309
2897 None None 8012
2899 None 702 8286
2901 30 None 8278
2903 702 702 8261
2905 593 702 8259
2907 593 23 8257
2909 None None 7957
2911 9 None 7955
2913 None None 8210
2915 None 1697 7943
2917 35 None 7938
2919 29 35 7933
2921 None None 8197
2923 None 254 7905
2925 982 None 7894
2927 11 982 7871
2929 982 982 7866
2931 982 99 7859
2933 None None 8124
2935 79 None 8118
2937 256 256 8113
2939 256 79 8102
2941 26 256 8100
2943 234 234 8096
2945 234 216 8091
2947 20 234 8076
2949 7578 7578 8071
2951 15 7578 8061
2953 7578 7578 8058
2955 7578 1764 8056
2957 7578 57 8052
2959 7578 21 8045
2961 1764 7578 8037
2963 7578 7578 8030
2965 212 7578 8028
2967 7578 7578 8007
2969 7578 36 7962
2971 None None 9404
2973 601 None 9399
2975 9 601 9394
2977 None None 7942
2979 None 601 9379
2981 3379 None 9375
2983 3379 601 9345
2985 3379 589 9341
2987 3379 173 9331
2989 3379 97 9293
2991 13 3379 9284
2993 137 137 9275
2995 137 80 9263
2997 137 74 9240
2999 74 137 9227
3001 21 74 9219
3003 182 182 9207
3005 8860 8860 9204
3007 8860 220 9202
3009 1638 8860 9190
3011 8860 8860 9134
3013 8860 98 9120
3015 11 8860 9097
3017 8860 8860 9090
3019 504 8860 9066
3021 613 613 9064
3023 10 613 9059
3025 244 244 9052
3027 613 613 9047
3029 1246 1246 9039
3031 187 1246 9035
3033 1246 1246 9024
3035 1246 28 9015
3037 187 1246 9013
3039 9 187 8981
3041 1246 1246 8979
3043 8772 8772 8977
3045 28 8772 8972
3047 8772 8772 8965
3049 50 8772 8959
3051 111 111 8953
3053 1246 1246 8943
3055 1246 478 8938
3057 8772 8772 8936
3059 8772 478 8925
3061 8772 2753 8916
3063 8772 1246 8910
3065 8772 191 8903
3067 8772 217 8877
3069 217 8772 8869
3071 415 415 8862
3073 1560 1560 8854
3075 20 1560 8847
3077 155 155 8843
3079 19 155 8824
3081 117 117 8816
3083 155 155 8814
3085 147 155 8812
3087 185 185 8808
3089 8772 8772 8806
3091 8772 79 8796
3093 171 8772 8793
3095 171 79 8757
3097 8772 8772 8738
3099 232 8772 8720
3101 419 419 8713
3103 9 419 8711
3105 10197 10197 8998
3107 10197 58 8626
3109 8772 10197 8693
3111 10197 10197 8955
3113 10197 8772 8592
3115 10197 2089 8848
3117 162 10197 8841
3119 162 70 8798
3121 10197 10197 8666
3123 10197 1372 8788
3125 1372 10197 8786
3127 1372 249 8765
3129 2089 2089 8763
3131 2089 107 8737
3133 1372 2089 8735
3135 1372 93 8732
3137 545 1372 8714
3139 2089 2089 8699
3141 956 2089 8689
3143 59 956 8685
3145 59 39 8657
3147 956 956 8655
3149 534 956 8653
3151 10 534 8647
3153 534 534 8642
3155 534 349 8632
3157 19 534 8629
3159 693 693 8619
3161 693 307 8617
3163 None None 9642
3165 None 693 8610
3167 9 None 8608
3169 197 197 8604
3171 241 241 8599
3173 30 241 8573
3175 40 40 8563
3177 None None 9583
3179 199 None 9580
3181 97 199 9570
3183 11 97 9568
3185 1427 1427 9564
3187 21 1427 9559
3189 1427 1427 9554
3191 16 1427 9547
3193 82 82 9545
3195 2115 2115 9537
3197 882 2115 9525
3199 2115 2115 9523
3201 78 2115 9521
3203 2115 2115 9519
3205 882 2115 9511
3207 13 882 9503
3209 882 882 9485
3211 58 882 9481
3213 998 998 9479
3215 998 40 9477
3217 298 998 9442
3219 7128 7128 9438
3221 448 7128 9422
3223 535 535 9420
3225 235 535 9369
3227 535 535 9350
3229 1835 1835 9341
3231 9 1835 9331
3233 1835 1835 9329
3235 1122 1835 9319
3237 1835 1835 9305
3239 14 1835 9295
3241 143 143 9288
3243 None None 10096
3245 7445 None 10092
3247 16 7445 10090
3249 185 185 10076
3251 7445 7445 10074
3253 7445 614 10005
3255 123 7445 9995
3257 16 123 9993
3259 614 614 9986
3261 162 614 9978
3263 614 614 9975
3265 614 143 9973
3267 143 614 9971
3269 7445 7445 9969
3271 11 7445 9960
3273 7445 7445 9955
3275 3571 7445 9945
3277 636 3571 9934
3279 10 636 9932
3281 405 405 9930
3283 73 405 9905
3285 3571 3571 9900
3287 1267 3571 9897
3289 1267 205 9876
3291 17 1267 9867
3293 3571 3571 9859
3295 9 3571 9857
3297 427 427 9855
3299 427 107 9840
3301 11385 11385 9724
3303 11385 80 9812
3305 11385 22 9701
3307 1168 11385 9696
3309 115 1168 9684
3311 115 66 9681
3313 115 42 9679
3315 42 115 9674
3317 11385 11385 9789
3319 3571 11385 9787
3321 3571 972 9777
3323 230 3571 9775
3325 11385 11385 9635
3327 11385 538 9725
3329 483 11385 9710
3331 15 483 9705
3333 538 538 9698
3335 12 538 9692
3337 36 36 9690
3339 11385 11385 9550
3341 5845 11385 9543
3343 11385 11385 9669
3345 11385 294 9485
3347 294 11385 9478
3349 754 754 9473
3351 5845 5845 9463
3353 5845 754 9461
3355 5845 133 9458
3357 63 5845 9413
3359 9 63 9409
3361 2875 2875 9392
3363 5845 5845 9385
3365 5845 822 9383
3367 25 5845 9378
3369 102 102 9372
3371 1835 1835 9370
3373 383 1835 9362
3375 12 383 9360
3377 118 118 9352
3379 118 51 9343
3381 1594 1594 9341
3383 36 1594 9339
3385 2013 2013 9323
3387 2013 1259 9320
3389 122 2013 9303
3391 122 33 9287
3393 122 40 9261
3395 12 122 9259
3397 1259 1259 9230
3399 63 1259 9225
3401 63 39 9222
3403 19870 19870 9589
3405 19870 1450 9214
3407 10 19870 9208
3409 98 98 9193
3411 43 98 9183
3413 43 28 9181
3415 19870 19870 9526
3417 703 19870 9524
3419 135 703 9521
3421 703 703 9519
3423 9 703 9517
3425 92 92 9513
3427 30 92 9509
3429 884 884 9499
3431 27 884 9493
3433 77 77 9486
3435 108 108 9481
3437 62 108 9479
3439 11 62 9475
3441 1812 1812 9465
3443 4801 4801 9463
3445 4801 135 9453
3447 4801 509 9451
3449 61 4801 9446
3451 23524 23524 9755
3453 23524 509 9420
3455 23524 1756 9748
3457 1756 23524 9738
3459 98 1756 9720
3461 1756 1756 9713
3463 14 1756 9706
3465 401 401 9704
3467 1756 1756 9698
3469 310 1756 9694
3471 1756 1756 9687
3473 1756 561 9684
3475 30 1756 9682
3477 1756 1756 9677
3479 56 1756 9675
3481 76 76 9671
3483 2485 2485 9667
3485 2485 76 9580
3487 9 2485 9578
3489 927 927 9574
3491 443 927 9572
3493 2485 2485 9565
3495 13 2485 9555
3497 2485 2485 9553
3499 2485 1353 9551
3501 1353 2485 9548
3503 2485 2485 9541
3505 2485 1353 9533
3507 1353 2485 9529
3509 82 1353 9513
3511 41 82 9505
3513 2485 2485 9499
3515 2485 906 9493
3517 716 2485 9489
3519 18 716 9487
3521 716 716 9407
3523 13 716 9401
3525 None None 10202
3527 11 None 10191
3529 27 27 10181
3531 220 220 10150
3533 732 732 10137
3535 10 732 10130
3537 263 263 10128
3539 None None 9370
3541 21 None 9368
3543 None None 10809
3545 None None 10079
3547 263 None 10068
3549 None None 10766
3551 9 None 10752
3553 None None 10049
3555 71 None 10042
3557 28 71 10024
3559 None None 10731
3561 None 301 10006
3563 190 None 9900
3565 190 61 9864
3567 22 190 9862
3569 None None 10721
3571 1140 None 10713
3573 859 1140 10647
3575 1302 1302 10645
3577 43 1302 10629
3579 85 85 10627
3581 543 543 10606
3583 543 67 10567
3585 543 177 10565
3587 1302 1302 10557
3589 79 1302 10550
3591 1302 1302 10528
3593 176 1302 10519
3595 882 882 10516
3597 882 315 10507
3599 882 34 10504
3601 882 63 10491
3603 315 882 10486
3605 255 315 10476
3607 315 315 10472
3609 7239 7239 10462
3611 22 7239 10457
3613 355 355 10446
3615 9 355 10440
3617 498 498 10437
3619 1558 1558 10435
3621 1558 68 10404
3623 498 1558 10401
3625 498 46 10399
3627 185 498 10397
3629 7239 7239 10372
3631 7239 2538 10370
3633 7239 347 10367
3635 7239 2538 10344
3637 7239 67 10333
3639 27 7239 10324
3641 347 347 10319
3643 7239 7239 10293
3645 7239 347 10269
3647 7239 16 10229
3649 7239 347 10203
3651 23 7239 10195
3653 76 76 10193
3655 18 76 10188
3657 278 278 10183
3659 7239 7239 10160
3661 7239 56 10155
3663 10 7239 10150
3665 None None 10769
3667 27 None 10767
3669 96 96 10765
3671 128 128 10746
3673 None None 10119
3675 None 128 10740
3677 None 358 10112
3679 9 None 10104
3681 358 358 10094
3683 358 247 10066
3685 247 358 10058
3687 247 104 10032
3689 163 247 10030
3691 106 163 10027
3693 None None 10681
3695 11 None 10676
3697 9445 9445 10628
3699 77 9445 10618
3701 1003 1003 10614
3703 2470 2470 10600
3705 419 2470 10598
3707 36 419 10581
3709 90 90 10579
3711 25 90 10576
3713 719 719 10571
3715 2470 2470 10567
3717 110 2470 10556
3719 2470 2470 10542
3721 2470 19 10537
3723 2470 719 10526
3725 398 2470 10522
3727 18 398 10520
3729 398 398 10513
3731 84 398 10511
3733 84 22 10505
3735 9445 9445 10503
3737 9445 88 10501
3739 9445 42 10499
3741 1887 9445 10495
3743 9 1887 10461
3745 403 403 10455
3747 403 49 10449
3749 130 403 10446
3751 403 403 10444
3753 403 81 10442
3755 347 403 10435
3757 347 53 10433
3759 14 347 10415
3761 57 57 10412
3763 16 57 10384
3765 1222 1222 10381
3767 1887 1887 10374
3769 90 1887 10339
3771 518 518 10337
3773 196 518 10331
3775 2560 2560 10323
3777 113 2560 10308
3779 35 113 10299
3781 2560 2560 10297
3783 11 2560 10293
3785 2560 2560 10289
3787 197 2560 10287
3789 1890 1890 10285
3791 10 1890 10282
3793 2560 2560 10278
3795 2560 1890 10276
3797 54 2560 10274
3799 1890 1890 10272
3801 2560 2560 10251
3803 291 2560 10248
3805 None None 10577
3807 9 None 10570
3809 None None 10196
3811 44 None 10133
3813 70 70 10128
3815 31 70 10123
3817 None None 10525
3819 113 None 10518
3821 126 126 10515
3823 4414 4414 10511
3825 4414 359 10506
3827 20 4414 10503
3829 4414 4414 10501
3831 4414 146 10468
3833 146 4414 10465
3835 1209 1209 10458
3837 4414 4414 10447
3839 4414 1209 10443
3841 4414 2315 10433
3843 14 4414 10428
3845 850 850 10423
3847 12 850 10419
3849 2315 2315 10417
3851 428 2315 10412
3853 44 428 10410
3855 428 428 10402
3857 2315 2315 10396
3859 2315 428 10391
3861 None None 11437
3863 None 428 10379
3865 None 2936 11395
3867 716 None 11393
3869 2936 2936 11375
3871 9 2936 11371
3873 706 706 11369
3875 175 706 11364
3877 137 175 11350
3879 2936 2936 11333
3881 None None 11965
3883 169 None 11960
3885 34 169 11955
3887 12 34 11947
3889 122 122 11945
3891 None None 11287
3893 2936 None 11278
3895 22 2936 11249
3897 244 244 11236
3899 219 244 11228
3901 7743 7743 11219
3903 None None 11866
3905 None 7743 11166
3907 12 None 11161
3909 2936 2936 11159
3911 36 2936 11149
3913 2421 2421 11133
3915 7743 7743 11099
3917 56 7743 11093
3919 10 56 11091
3921 133 133 11068
3923 20 133 11063
3925 116 116 11046
3927 7743 7743 11030
3929 23 7743 11025
3931 350 350 11021
3933 350 239 11008
3935 9 350 10997
3937 239 239 10995
3939 None None 11660
3941 619 None 11655
3943 103 619 11650
3945 89 103 11641
3947 89 39 11638
3949 313 313 11614
3951 11 313 11588
3953 6846 6846 11584
3955 25 6846 11563
3957 6846 6846 11561
3959 16 6846 11540
3961 893 893 11538
3963 459 893 11536
3965 459 242 11533
3967 459 18 11526
3969 234 459 11511
3971 57 234 11506
3973 301 301 11504
3975 459 459 11502
3977 459 301 11498
3979 459 191 11444
3981 1962 1962 11442
3983 1962 459 11434
3985 1962 1287 11432
3987 1962 803 11370
3989 1962 125 11368
3991 29 1962 11362
3993 1287 1287 11356
3995 1287 53 11354
3997 1962 1962 11350
3999 9 1962 11332
