0.24907807236154728
0
0.23682669349147695
0
0
0
0
0.22240387592099592
0.050521511086648846
0.17641141622600073
0
0
0
0
0
0.29530834906013814
0.095780268445141842
0
0
0
0
0
0
0
0
0
0
0
0
0
0
0
0.036473367191364597
0
0
0
0
0
0.029927181866658423
0
0
0.1246670021342135
0
0.057477597141628825
0.032850036002616545
0
0
0
0
0.1491089071937706
0.20331806364428423
0.09213176946708676
0.10973388541207282
0.036473367191364597
0.12878981769108278
0
0
0
0
0
0
0.2916913582259798
0
0
0.44261119223420975
0
0.083279963713660546
0.11809650571808353
0.015791094009900988
0.29557423569036878
0
0
0.06044465143595823
0
0
0
0
0.0069917696005850627
0.070992370094144983
0
0
0.093782859978413985
0
0
0
0
0.085990685230648539
0.47439976192415612
0
0.016631886893048065
0.010721995983407728
0.17387255352505421
0
0
0
0
0
0
0
0
0
0
0
0
0
0
0
0
0
0
0
0
0
0
0.16279511203256336
0
0
0
0
0
0
0
0
0
0
0
0
0.46070663875677675
0
0
0
0
0
0
0
0.14372994458716515
0
0
0
0
0
0
0
0
0
0
0.17531586415977865
0
0
0
0.06035631442276676
0
0
0
0
0.047856275523814856
0
0
0
0
0
0
0
0.63442855072943549
0
0
0
0
0
0
0
0
0
0
0
0
0
0.0064023016440597491
0
0.076111258414230124
0
0
0
0
0
0
0
0
0
0.0064023016440597491
0
0
0
0
0
0
0
0
0.011522501496672111
0
0
0.36557144927056451
0
0.095339655205471552
0
0
0
0
0
0
0
0
0
0
0
0
0
0
0
0
0
0
0
0.10849549934099191
0.019339216645813381
0
0
0
0
0.0043351648053155944
0.084483427027831182
0
0
0.049151637363187603
0.34539991478225313
0.37490313633737987
0
0
0.016607389980556997
0
0
0
0
0
0
0
0.041968924134742958
0
0
0
0.12415033402535269
0
0
0
0
0
0
0
0.037674620728294986
0
0.084360948384196333
0
0
0
0
0
0
0
0
0
0
0
0
0
0
0
0
0
0
0
0
0
0
0
0
0
0
0
0.18293865113630967
0.16595147173484362
0
0
0
0.026467709804837022
0
0.047209909058808175
0
0
0
0
0
0
0
0
0
0
0
0
0
0
0.127586359056478
0
0
0.060460762988233496
0
0
0.22481872415146423
0
0.028205389697087691
0.0098794268164199284
0
0
0
0.06046076298823358
0
0.23755025974138316
0
0
0
0
0
0
0.20769728595339074
0.16572685649622351
0.069571508125410325
0.021382183808256822
0.063378453924882505
0
0.18812304543520575
0.12310737099229099
0
0
0
0
0
0
0
0
0.15858669756992255
0.066210363545214562
0
0
0
0
0.42384574841048406
0.0062010518215825372
0
0.23149142659143429
0.64332458212029953
0.099613908292507367
0
0
0
0
0.10504333826132506
0.26287692471471058
0.26907797653629312
0
0
0
0
0
0.085167492378953699
0
0
0
0
0
0
0
0
0
0
0
0
0
0
0
0
0
0
0.08694034156324898
0
0
0
0
0
0
0
0
0
0
0.12402826841506155
0
0
0
0
0
0
0
0
0
0
0
0
0
0
0
0.0091312897110247815
0
0
0.47394306062193214
0
0
0
0
0
0
0
0
0
0.015270849404334819
0
0
0
0
0
0
0
0
0
0
0
0
0
0
0
0
0
0
0
0
0
0
0
0
0.37212175099477457
0
0
0
0
0
0
0.027933002895475345
0
0
0
0
0.20272470435245288
0
0
0
0
0
0
0
0
0.071056159437940969
0
0
0.48912687088447926
0
0
0
0
0
0.15844318245712943
0
0
0
0.010966885619047892
0
0
0
0
0
0.40302973840088313
0.098853994400362799
0
0
0
0
0
0
0
0
0
0
0.029450868919816686
0
0.29107652690599212
0
0
0
0
0
0
0
0
0
0
0
0
0
0
0
0
0
0
0
0
0
0
0
0
0
0.10374674385939307
0.39811862898999317
0.097569680322793603
0
0
0
0
0
0
0
0.34065267865083981
0.10036606419959082
0
0
0
0
0
0
0
0.10310801575843188
0
0.034662653711141245
0
0
0
0
0
0
0
0
0
0
0
0
0
0
0
0.073819561992734678
0
0
0
0
0
0
0
0
0
0
0
0
0
0
0
0
0.49063382062343525
0
0.22702857528362436
0
0
0
0
0
0
0
0
0
0.025570082995758789
0
0
0
0
0
0
0
0.0066573169472675525
0
0
0
0
0
0
0
0
0
0
0
0
0
0
0
0
0
0
0
0
0
0
0
0
0
0
0
0.49409532997222994
0
0
0
0
0
0
0
0
0
0
0
0
0
0
0.075207710998595231
0
0
0
0
0
0
0
0
0
0
0
0
0
0.036821086222351807
0.13320582806795078
0.18961839062446134
0
0
0.011036911014357331
0
0
0
0
0
0.3278922850628237
0
0
0
0
0
0
0.040482257674916255
0.075040822440117005
0.31572075683988776
0
0
0.56721871729886564
0.29470770655654815
0
0
0
0.15389270119114551
0
0
0
0.11542050705231688
0
0
0
0
0
0
0
0
0
0
0
0.044179942321515439
0
0.11276950192829738
0.067857169874824486
0
0
0
0.14314843692320536
0
0
0
0
0
0.067414296174112182
0
0
0.025570082995758803
0
0
0
0
0
0
0
0
0
0
0
0
0.11067236011740053
0.20440234212603797
0.10852668747490773
0
0
0
0
0
0
0
0
0
0
0
0.0064093422793971566
0
0
0
0
0
0
0
0
0
0
0
0
0
0
0
0
0
0
0
0
0
0
0
0
0
0
0
0
0
0
0
0
0
0
0
0
0
0
0
0
0
0
0
0
0.19283715525646261
0
0
0.15798364159029546
0
0
0
0.053147884292575373
0
0
0
0
0
0
0
0
0.025138330268394987
0
0
0.0017382056287054137
0
0
0
0
0
0
0
0
0
0
0
0
0
0
0
0
0
0
0
0
0
0
0
0
0
0
0
0
0
0
0
0
0
0
0
0
0
0
0
0
0
0
0
0
0
0
0.075638953922797916
0
0
0
0
0
0
0
0
0
0
0
0
0
0
0
0
0
0
0
0
0
0
0
0
0
0
0
0
0
0
0
0
0
0
0
0
0
0
0
0
0
0
0
0
0
0
0
0
0
0
0
0
0
0
0
0
0
0
0
0
0
0
0
0
0
0
0
0
0
0
0
0
0
0
0
0
0
0
0
0
0
0
0
0
0
0
0
0
0
0
0
0
0
0
0
0
0
0
0
0
0
0
0
0
0
0
0
0
0
0
0
0
0
0
0
0
0
0
0
0
0
0
0
0
0
0
0
0
0
0
0
0
0
0
0
0
0
0
0
0
0
0
0
0
0
0
0
0
0
0
0
0
0
0
0
0
0
0
0
0
0
0
0
0
0
0
0
0
0
0
0
0
0
0
0
0
0
0
0
0
0
0
0
0
0
0
0
0
0.049679093024070115
0
0
0
0
0
0
0
0.041580246242545735
0
0
0
0
0
0
0
0
0
0
0
0
0
0
0
0
0
0
0
0
0
0
0
0
0
0
0
0
0
0
0
0
0
0
0
0
0
0
0
0
0
0
0
0
0
0
0
0
0
0
0
0
0
0
0
0
0
0
0
0
0
0
0
0.033350911488892993
0
0
0
0
0
0
0
0
0
0
0
0
0
0
0
0
0
0
0
0
0
0
0
0
0
0
0
0
0
0
0
0
0
0
0
0
0
0
0
0
0
0
0
0
0
0
0
0
0
0
0
0
0
0
0
0
0
0
0
0
0
0
0
0
0
0
0
0
0
0
0
0
0
0
0
0
0
0
0
0
0
0
0
0
0
0
0
0
0
0
0
0
0
0
0
0
0
0
0
0
0
0
0
0
0
0
0
0
0
0
0
0
0
0
0
0
0
0
0
0
0
0
0
0
0
0.095183441437789534
0
0
0
0
0
0
0
0
0
0
0
0
0
0
0
0
0
0
0
0
0
0
0
0
0
0
0
0
0
0
0
0
0
0
0
0
0
0
0
0
0
0
0
0
0
0
0
0
0.098357029533045148
0
0
0
0
0
0
0
0
0
0
0
0.0011443553495125436
0
0
0
0
0
0
0
0
0
0
0
0
0
0
0
0
0
0
0
0
0
0
0
0
0
0
0
0
0
0
0.03292673309741101
0
0
0
0.19015259287617975
0
0
0
0
0
0
0
0
0
0
0
0
0
0
0
0
0
0
0
0
0
0
0
0
0
0
0
0
0.092583307553278621
0
0
0
0
0
0
0
0
0
0
0
0
0
0
0
0
0
0
0
0
0
0
0
0
0
0
0
0
0
0
0
0
0
0
0
0
0
0
0
0
0
0
0
0
0
0
0
0
0
0
0
0
0
0
0
0
0
0
0.052130938581928812
0.16141210934620606
0
0
0
0
0
0
0
0.032251283044816156
0.025126665574770741
0.052422243934515153
0
0
0
0
0
0
0
0
0
0
0
0
0
0
0
0
0
0
0
0
0
0
0
0
0
0.46507256200152325
0
0.098853994400362799
0
0
0
0
0
0
0
0
0
0.20962979453607003
0
0
0
0.13287309946137063
0
0
0
0
0
0
0
0
0
0
0
0
0
0
0
0
0
0
0
0.059548986406423837
0
0
0
0
0
0.057303353650982033
0
0
0
0
0
0
0
0
0
0
0
0
0
0
0
0
0
0
0
0
0
0
0
0
0
0
0
0
0
0
0
0
0
0
0
0
0
0
0
0
0
0
0
0
0
0
0
0
0
0
0
0
0
0
0
0
0
0
0
0
0
0
0
0
0
0
0
0
0
0
0
0
0
0
0
0
0
0.34010483746898845
0
0
0
0
0
0
0
0
0
0
0
0
0
0
0
0
0
0
0
0
0
0
0
0
0
0
0
0
0
0
0
0
0
0
0
0
0
0
0
0
0
0
0
0
0
0
0
0
0
0
0
0
0
0
0
0
0
0
0
0
0
0
0
0
0
0
0
0
0
0
0
0
0
0
0
0
0
0
0
0
0
0.36008268915290403
0
0
0
0
0
0
0
0
0
0
0
0
0
0
0
0
0
0
0
0
0.059964055795091981
0
0
0
0
0
0
0
0
0
0
0
0
0
0
0
0
0
0
0
0
0
0
0
0
0
0
0
0
0
0
0
0
0
0
0
0
0
0
0
0
0
0
0
0
0
0
0
0
0.46651016609269758
0
0
0
0.0055307494936228108
0
0
0
0
0
0
0
0
0
0
0
0
0
0
0
0
0
0
0
0
0
0.08398861146768076
0
0
0
0
0
0
0
0
0
0
0
0
0
0.21378745180432107
0
0
0
0
0
0
0
0
0
0
0
0
0
0
0
0
0
0
0
0
0
0
0
0
0
0
1
0
0
0
0
0
0
0
0
0
0
0
0
0
0
0
0
0
0
0
0
0
0
0
0
0
0
0
0
0
0
0
0
0
0
0
0
0
0
0
0
0
0
0
0
0
0
0
0
0
0
0
0
0
0
0
0
0
0
0
0
0
0
0
0
0
0
0
0
0
0
0
0
0
0
0
0
0
0
0
0
0
0
0
0
0
0
0
0
0
0
0
0
0
0
0
0
0
0
0
0
0
0
0
0
0
0
0
0
0.19819415932210127
0
0
0
0
0
0
0
0.49339367153552799
0
0
0
0
0
0
0
0
0
0.065091046949353804
0
0
0
0
0
0
0
0
0
0
0
0
0
0
0
0
0
0.035538328148845735
0
0
0
0
0
0
0
0
0
0
0.43607344359811395
0
0
0
0.41982743787724708
0
0
0
0
0
0
0
0
0
0
0
0
0
0
0
0
0
0
0
0
0
0
0
0
0
0
0
0
0
0
0
0
0
0
0
0
0
0
0.24607953763801671
0
0
0
0
0
0
0
0
0
0
0
0
0
0
0
0
0
0
0
0
0
0
0.21318767925383189
0
0
0
0
0
0
0
0
0
0
0
0
0
0
0
0
0
0
0
0
0
0
0
0
0
0
0
0
0.096939901749975813
0
0
0
0.15463065689883909
0
0
0
0
0
0
0
0
0
0
0
0
0
0
0
0
0
0
0
0
0.50032439488675107
0
0
0.27487854399811185
0
0.15068976660868677
0.22479706111513711
0
0
0
0
0
0
0
0
0
0
0
0
0
0
0
0
0
0
0
0
0
0
0
0
0
0
0
0
0
0
0
0
0
0
0
0
0
0
0
0
0
0
0
0
0.20872109059782545
0
0
0
0
0
0
0
0
0
0
0
0
0
0
0
0
0
0
0
0.13529926224990954
0
0.028073079334941742
0
0
0
0
0
0
0
0.1858811168522593
0
0.11483726574525285
0.027577114815936166
0.25608203489523396
0
0
0
0
0
0
0
0
0
0
0
0
0
0
0
0
0
0
0
0
0
0
0
0
0
0
0
0
0
0
0
0
0
0
0
0
0.06235473858855245
0
0
0
0
0
0
0
0
0
0
0
0
0
0
0
0
0
0
0
0
0
0
0
0
0
0
0
0
0.079155125597561327
0
0
0
0
0.27466133425190786
0
0
0
0
0
0
0
0
0
0
0
0
0
0
0
0
0
0
0
0.3334543234771763
0
0
0
0
0
0
0
0
0
0
0
0
0
0
0
0
0
0
0
0
0
0
0
0
0.15742235557881878
0
0
0
0.50590467002777006
0
0
0
0.041387558505376294
0
0.089836993046387995
0.053575037452299301
0
0
0.072365719968903577
0.013938170605621789
0.11471582491622312
0
0
0.020379819257548282
0
0
0
0.2189750999477347
0
0.096971291450164698
0.057494036289040054
0
0
0.036243381961959933
0
0
0.0055931687694568688
0
0.44014953240972898
0
0.18370321033958714
0
0
0
0.045255384972797241
0.15775127295888158
0.12513078734871275
0.22636504423255421
0
0
0.22784437293066517
0
0
0
0
0
0
0
0
0
0
0
0
0
0
0
0.07249081401139934
0
0
0
0
0
0
0
0
0
0
0
0
0
0
0
0
0
0
0
0
0
0
0
0
0
0
0
0.0027367447323190103
0
0
0
0
0
0
0
0.19813250837025065
0
0
0
0
0
0
0
0
0
0
0.00070165843670194628
0
0
0
0
0.072206568300993201
0
0
0
0
0
0
0
0
0
0
0
0
0
0
0
0
0.0055849002549575588
0
0
0
0
0
0
0
0
0.0055849002549615973
0
0
0
0
0
0
0.25511718418755458
0
0
0
0
0
0.0040380118702578738
0
0
0.2062418226144252
0
0
0
0
0
0.042066275305572387
0
0
0.053168529316837215
0
0
0
0
0
0
0.055466148277315275
0.10693010246123014
0.0016303429094276511
0
0
0
0
