249078072
0
236826693
0
0
0
0
222403875
50521511
176411416
0
0
0
0
0
295308349
95780268
0
0
0
0
0
0
0
0
0
0
0
0
0
0
0
36473367
0
0
0
0
0
29927181
0
0
124667002
0
57477597
32850036
0
0
0
0
149108907
203318063
92131769
109733885
36473367
128789817
0
0
0
0
0
0
291691358
0
0
442611192
0
83279963
118096505
15791094
295574235
0
0
60444651
0
0
0
0
6991769
70992370
0
0
93782859
0
0
0
0
85990685
474399761
0
16631886
10721995
173872553
0
0
0
0
0
0
0
0
0
0
0
0
0
0
0
0
0
0
0
0
0
0
162795112
0
0
0
0
0
0
0
0
0
0
0
0
460706638
0
0
0
0
0
0
0
143729944
0
0
0
0
0
0
0
0
0
0
175315864
0
0
0
60356314
0
0
0
0
47856275
0
0
0
0
0
0
0
634428550
0
0
0
0
0
0
0
0
0
0
0
0
0
6402301
0
76111258
0
0
0
0
0
0
0
0
0
6402301
0
0
0
0
0
0
0
0
11522501
0
0
365571449
0
95339655
0
0
0
0
0
0
0
0
0
0
0
0
0
0
0
0
0
0
0
108495499
19339216
0
0
0
0
4335164
84483427
0
0
49151637
345399914
374903136
0
0
16607389
0
0
0
0
0
0
0
41968924
0
0
0
124150334
0
0
0
0
0
0
0
37674620
0
84360948
0
0
0
0
0
0
0
0
0
0
0
0
0
0
0
0
0
0
0
0
0
0
0
0
0
0
0
182938651
165951471
0
0
0
26467709
0
47209909
0
0
0
0
0
0
0
0
0
0
0
0
0
0
127586359
0
0
60460762
0
0
224818724
0
28205389
9879426
0
0
0
60460762
0
237550259
0
0
0
0
0
0
207697285
165726856
69571508
21382183
63378453
0
188123045
123107370
0
0
0
0
0
0
0
0
158586697
66210363
0
0
0
0
423845748
6201051
0
231491426
643324582
99613908
0
0
0
0
105043338
262876924
269077976
0
0
0
0
0
85167492
0
0
0
0
0
0
0
0
0
0
0
0
0
0
0
0
0
0
86940341
0
0
0
0
0
0
0
0
0
0
124028268
0
0
0
0
0
0
0
0
0
0
0
0
0
0
0
9131289
0
0
473943060
0
0
0
0
0
0
0
0
0
15270849
0
0
0
0
0
0
0
0
0
0
0
0
0
0
0
0
0
0
0
0
0
0
0
0
372121750
0
0
0
0
0
0
27933002
0
0
0
0
202724704
0
0
0
0
0
0
0
0
71056159
0
0
489126870
0
0
0
0
0
158443182
0
0
0
10966885
0
0
0
0
0
403029738
98853994
0
0
0
0
0
0
0
0
0
0
29450868
0
291076526
0
0
0
0
0
0
0
0
0
0
0
0
0
0
0
0
0
0
0
0
0
0
0
0
0
103746743
398118628
97569680
0
0
0
0
0
0
0
340652678
100366064
0
0
0
0
0
0
0
103108015
0
34662653
0
0
0
0
0
0
0
0
0
0
0
0
0
0
0
73819561
0
0
0
0
0
0
0
0
0
0
0
0
0
0
0
0
490633820
0
227028575
0
0
0
0
0
0
0
0
0
25570082
0
0
0
0
0
0
0
6657316
0
0
0
0
0
0
0
0
0
0
0
0
0
0
0
0
0
0
0
0
0
0
0
0
0
0
0
494095329
0
0
0
0
0
0
0
0
0
0
0
0
0
0
75207710
0
0
0
0
0
0
0
0
0
0
0
0
0
36821086
133205828
189618390
0
0
11036911
0
0
0
0
0
327892285
0
0
0
0
0
0
40482257
75040822
315720756
0
0
567218717
294707706
0
0
0
153892701
0
0
0
115420507
0
0
0
0
0
0
0
0
0
0
0
44179942
0
112769501
67857169
0
0
0
143148436
0
0
0
0
0
67414296
0
0
25570082
0
0
0
0
0
0
0
0
0
0
0
0
110672360
204402342
108526687
0
0
0
0
0
0
0
0
0
0
0
6409342
0
0
0
0
0
0
0
0
0
0
0
0
0
0
0
0
0
0
0
0
0
0
0
0
0
0
0
0
0
0
0
0
0
0
0
0
0
0
0
0
0
0
0
0
192837155
0
0
157983641
0
0
0
53147884
0
0
0
0
0
0
0
0
25138330
0
0
1738205
0
0
0
0
0
0
0
0
0
0
0
0
0
0
0
0
0
0
0
0
0
0
0
0
0
0
0
0
0
0
0
0
0
0
0
0
0
0
0
0
0
0
0
0
0
0
75638953
0
0
0
0
0
0
0
0
0
0
0
0
0
0
0
0
0
0
0
0
0
0
0
0
0
0
0
0
0
0
0
0
0
0
0
0
0
0
0
0
0
0
0
0
0
0
0
0
0
0
0
0
0
0
0
0
0
0
0
0
0
0
0
0
0
0
0
0
0
0
0
0
0
0
0
0
0
0
0
0
0
0
0
0
0
0
0
0
0
0
0
0
0
0
0
0
0
0
0
0
0
0
0
0
0
0
0
0
0
0
0
0
0
0
0
0
0
0
0
0
0
0
0
0
0
0
0
0
0
0
0
0
0
0
0
0
0
0
0
0
0
0
0
0
0
0
0
0
0
0
0
0
0
0
0
0
0
0
0
0
0
0
0
0
0
0
0
0
0
0
0
0
0
0
0
0
0
0
0
0
0
0
0
0
0
0
0
0
49679093
0
0
0
0
0
0
0
41580246
0
0
0
0
0
0
0
0
0
0
0
0
0
0
0
0
0
0
0
0
0
0
0
0
0
0
0
0
0
0
0
0
0
0
0
0
0
0
0
0
0
0
0
0
0
0
0
0
0
0
0
0
0
0
0
0
0
0
0
0
0
0
0
33350911
0
0
0
0
0
0
0
0
0
0
0
0
0
0
0
0
0
0
0
0
0
0
0
0
0
0
0
0
0
0
0
0
0
0
0
0
0
0
0
0
0
0
0
0
0
0
0
0
0
0
0
0
0
0
0
0
0
0
0
0
0
0
0
0
0
0
0
0
0
0
0
0
0
0
0
0
0
0
0
0
0
0
0
0
0
0
0
0
0
0
0
0
0
0
0
0
0
0
0
0
0
0
0
0
0
0
0
0
0
0
0
0
0
0
0
0
0
0
0
0
0
0
0
0
0
95183441
0
0
0
0
0
0
0
0
0
0
0
0
0
0
0
0
0
0
0
0
0
0
0
0
0
0
0
0
0
0
0
0
0
0
0
0
0
0
0
0
0
0
0
0
0
0
0
0
98357029
0
0
0
0
0
0
0
0
0
0
0
1144355
0
0
0
0
0
0
0
0
0
0
0
0
0
0
0
0
0
0
0
0
0
0
0
0
0
0
0
0
0
0
32926733
0
0
0
190152592
0
0
0
0
0
0
0
0
0
0
0
0
0
0
0
0
0
0
0
0
0
0
0
0
0
0
0
0
92583307
0
0
0
0
0
0
0
0
0
0
0
0
0
0
0
0
0
0
0
0
0
0
0
0
0
0
0
0
0
0
0
0
0
0
0
0
0
0
0
0
0
0
0
0
0
0
0
0
0
0
0
0
0
0
0
0
0
0
52130938
161412109
0
0
0
0
0
0
0
32251283
25126665
52422243
0
0
0
0
0
0
0
0
0
0
0
0
0
0
0
0
0
0
0
0
0
0
0
0
0
465072562
0
98853994
0
0
0
0
0
0
0
0
0
209629794
0
0
0
132873099
0
0
0
0
0
0
0
0
0
0
0
0
0
0
0
0
0
0
0
59548986
0
0
0
0
0
57303353
0
0
0
0
0
0
0
0
0
0
0
0
0
0
0
0
0
0
0
0
0
0
0
0
0
0
0
0
0
0
0
0
0
0
0
0
0
0
0
0
0
0
0
0
0
0
0
0
0
0
0
0
0
0
0
0
0
0
0
0
0
0
0
0
0
0
0
0
0
0
0
0
0
0
0
0
0
340104837
0
0
0
0
0
0
0
0
0
0
0
0
0
0
0
0
0
0
0
0
0
0
0
0
0
0
0
0
0
0
0
0
0
0
0
0
0
0
0
0
0
0
0
0
0
0
0
0
0
0
0
0
0
0
0
0
0
0
0
0
0
0
0
0
0
0
0
0
0
0
0
0
0
0
0
0
0
0
0
0
0
360082689
0
0
0
0
0
0
0
0
0
0
0
0
0
0
0
0
0
0
0
0
59964055
0
0
0
0
0
0
0
0
0
0
0
0
0
0
0
0
0
0
0
0
0
0
0
0
0
0
0
0
0
0
0
0
0
0
0
0
0
0
0
0
0
0
0
0
0
0
0
0
466510166
0
0
0
5530749
0
0
0
0
0
0
0
0
0
0
0
0
0
0
0
0
0
0
0
0
0
83988611
0
0
0
0
0
0
0
0
0
0
0
0
0
213787451
0
0
0
0
0
0
0
0
0
0
0
0
0
0
0
0
0
0
0
0
0
0
0
0
0
0
1000000000
0
0
0
0
0
0
0
0
0
0
0
0
0
0
0
0
0
0
0
0
0
0
0
0
0
0
0
0
0
0
0
0
0
0
0
0
0
0
0
0
0
0
0
0
0
0
0
0
0
0
0
0
0
0
0
0
0
0
0
0
0
0
0
0
0
0
0
0
0
0
0
0
0
0
0
0
0
0
0
0
0
0
0
0
0
0
0
0
0
0
0
0
0
0
0
0
0
0
0
0
0
0
0
0
0
0
0
0
198194159
0
0
0
0
0
0
0
493393671
0
0
0
0
0
0
0
0
0
65091046
0
0
0
0
0
0
0
0
0
0
0
0
0
0
0
0
0
35538328
0
0
0
0
0
0
0
0
0
0
436073443
0
0
0
419827437
0
0
0
0
0
0
0
0
0
0
0
0
0
0
0
0
0
0
0
0
0
0
0
0
0
0
0
0
0
0
0
0
0
0
0
0
0
0
246079537
0
0
0
0
0
0
0
0
0
0
0
0
0
0
0
0
0
0
0
0
0
0
213187679
0
0
0
0
0
0
0
0
0
0
0
0
0
0
0
0
0
0
0
0
0
0
0
0
0
0
0
0
96939901
0
0
0
154630656
0
0
0
0
0
0
0
0
0
0
0
0
0
0
0
0
0
0
0
0
500324394
0
0
274878543
0
150689766
224797061
0
0
0
0
0
0
0
0
0
0
0
0
0
0
0
0
0
0
0
0
0
0
0
0
0
0
0
0
0
0
0
0
0
0
0
0
0
0
0
0
0
0
0
0
208721090
0
0
0
0
0
0
0
0
0
0
0
0
0
0
0
0
0
0
0
135299262
0
28073079
0
0
0
0
0
0
0
185881116
0
114837265
27577114
256082034
0
0
0
0
0
0
0
0
0
0
0
0
0
0
0
0
0
0
0
0
0
0
0
0
0
0
0
0
0
0
0
0
0
0
0
0
62354738
0
0
0
0
0
0
0
0
0
0
0
0
0
0
0
0
0
0
0
0
0
0
0
0
0
0
0
0
79155125
0
0
0
0
274661334
0
0
0
0
0
0
0
0
0
0
0
0
0
0
0
0
0
0
0
333454323
0
0
0
0
0
0
0
0
0
0
0
0
0
0
0
0
0
0
0
0
0
0
0
0
157422355
0
0
0
505904670
0
0
0
41387558
0
89836993
53575037
0
0
72365719
13938170
114715824
0
0
20379819
0
0
0
218975099
0
96971291
57494036
0
0
36243381
0
0
5593168
0
440149532
0
183703210
0
0
0
45255384
157751272
125130787
226365044
0
0
227844372
0
0
0
0
0
0
0
0
0
0
0
0
0
0
0
72490814
0
0
0
0
0
0
0
0
0
0
0
0
0
0
0
0
0
0
0
0
0
0
0
0
0
0
0
2736744
0
0
0
0
0
0
0
198132508
0
0
0
0
0
0
0
0
0
0
701658
0
0
0
0
72206568
0
0
0
0
0
0
0
0
0
0
0
0
0
0
0
0
5584900
0
0
0
0
0
0
0
0
5584900
0
0
0
0
0
0
255117184
0
0
0
0
0
4038011
0
0
206241822
0
0
0
0
0
42066275
0
0
53168529
0
0
0
0
0
0
55466148
106930102
1630342
0
0
0
0
