# sieve KMAX=32 DMAX=0 BRANCH=1 J=0 IMAX=1 MERGE_AFTER=0 (classes per depth t: 2^t * 3^J)  time 6.3s  bnodes 202223697  overflow 0
# t  uncertified  fraction  newly_cert_desc  newly_cert_merge  newly_cert_branch  dfs_nodes  merge_only_after_branch
 0              1 1.0000000000            0            0            0            1        0
 1              1 0.5000000000            1            0            0            2        0
 2              1 0.2500000000            1            0            0            2        0
 3              2 0.2500000000            0            0            0            2        0
 4              3 0.1875000000            1            0            0            4        0
 5              4 0.1250000000            2            0            0            6        0
 6              7 0.1093750000            0            0            1            8        0
 7             12 0.0937500000            2            0            0           14        0
 8             18 0.0703125000            6            0            0           24        0
 9             32 0.0625000000            0            0            4           36        0
10             57 0.0556640625            7            0            0           64        0
11            102 0.0498046875            0            0           12          114        0
12            192 0.0468750000           12            0            0          204        0
13            324 0.0395507812           60            0            0          384        0
14            593 0.0361938477            0            0           55          648        0
15           1101 0.0335998535           85            0            0         1186        0
16           1856 0.0283203125          346            0            0         2202        0
17           3409 0.0260086060            0            0          303         3712        0
18           6342 0.0241928101          476            0            0         6818        0
19          11723 0.0223598480            0            0          961        12684        0
20          22485 0.0214433670          961            0            0        23446        0
21          39666 0.0189142227         5304            0            0        44970        0
22          73939 0.0176284313            0            0         5393        79332        0
23         139833 0.0166693926         8045            0            0       147878        0
24         244392 0.0145668983        35274            0            0       279666        0
25         455388 0.0135716200            0            0        33396       488784        0
26         859743 0.0128111690        51033            0            0       910776        0
27        1501586 0.0111876875       217900            0            0      1719486        0
28        2799667 0.0104295723            0            0       203505      3003172        0
29        5286879 0.0098475795       312455            0            0      5599334        0
30        9910223 0.0092296144            0            0       663535     10573758        0
31       19156911 0.0089206318       663535            0            0     19820446        0
32       34512882 0.0080356565      3800940            0            0     38313822        0
