# sieve KMAX=32 DMAX=2048 BRANCH=0 J=0 IMAX=0 MERGE_AFTER=0 (classes per depth t: 2^t * 3^J)  time 616.5s  bnodes 0  overflow 0
# t  uncertified  fraction  newly_cert_desc  newly_cert_merge  newly_cert_branch  dfs_nodes  merge_only_after_branch
 0              1 1.0000000000            0            0            0            1        0
 1              1 0.5000000000            1            0            0            2        0
 2              1 0.2500000000            1            0            0            2        0
 3              2 0.2500000000            0            0            0            2        0
 4              3 0.1875000000            1            0            0            4        0
 5              4 0.1250000000            2            0            0            6        0
 6              7 0.1093750000            0            1            0            8        0
 7             11 0.0859375000            2            1            0           14        0
 8             16 0.0625000000            5            1            0           22        0
 9             31 0.0605468750            0            1            0           32        0
10             52 0.0507812500            9            1            0           62        0
11            103 0.0502929688            0            1            0          104        0
12            182 0.0444335938           23            1            0          206        0
13            297 0.0362548828           66            1            0          364        0
14            593 0.0361938477            0            1            0          594        0
15           1049 0.0320129395          136            1            0         1186        0
16           1720 0.0262451172          377            1            0         2098        0
17           3439 0.0262374878            0            1            0         3440        0
18           6104 0.0232849121          767            7            0         6878        0
19          12194 0.0232582092            0           14            0        12208        0
20          22244 0.0212135315         2116           28            0        24388        0
21          38019 0.0181288719         6433           36            0        44488        0
22          75969 0.0181124210            0           69            0        76038        0
23         137657 0.0164099932        14136          145            0       151938        0
24         234156 0.0139567852        40982          176            0       275314        0
25         467895 0.0139443576            0          417            0       468312        0
26         847493 0.0126286298        87601          696            0       935790        0
27        1442349 0.0107463375       251830          807            0      1694986        0
28        2882872 0.0107395351            0         1826            0      2884698        0
29        5226985 0.0097360183       535688         3071            0      5765744        0
30       10446423 0.0097289896            0         7547            0     10453970        0
31       19347686 0.0090094684      1533592        11568            0     20892846        0
32       33880411 0.0078883979      4800960        14001            0     38695372        0
