# sieve KMAX=34 DMAX=0 BRANCH=1 J=0 IMAX=0 MERGE_AFTER=0 (classes per depth t: 2^t * 3^J)  time 997.7s  bnodes 86592929651  overflow 0
# t  uncertified  fraction  newly_cert_desc  newly_cert_merge  newly_cert_branch  dfs_nodes  merge_only_after_branch
 0              1 1.0000000000            0            0            0            1        0
 1              1 0.5000000000            1            0            0            2        0
 2              1 0.2500000000            1            0            0            2        0
 3              2 0.2500000000            0            0            0            2        0
 4              3 0.1875000000            1            0            0            4        0
 5              4 0.1250000000            2            0            0            6        0
 6              7 0.1093750000            0            0            1            8        0
 7             11 0.0859375000            2            0            1           14        0
 8             16 0.0625000000            5            0            1           22        0
 9             27 0.0527343750            0            0            5           32        0
10             46 0.0449218750            5            0            3           54        0
11             80 0.0390625000            0            0           12           92        0
12            144 0.0351562500            8            0            8          160        0
13            242 0.0295410156           38            0            8          288        0
14            436 0.0266113281            0            0           48          484        0
15            802 0.0244750977           53            0           17          872        0
16           1363 0.0207977295          225            0           16         1604        0
17           2499 0.0190658569            0            0          227         2726        0
18           4600 0.0175476074          317            0           81         4998        0
19           8463 0.0161418915            0            0          737         9200        0
20          15870 0.0151348114          602            0          454        16926        0
21          28147 0.0134215355         3174            0          419        31740        0
22          52176 0.0124397278            0            0         4118        56294        0
23          97978 0.0116798878         4828            0         1546       104352        0
24         172868 0.0103037357        21764            0         1324       195956        0
25         322021 0.0095969737            0            0        23715       345736        0
26         602780 0.0089821219        32257            0         9005       644042        0
27        1061510 0.0079088658       136497            0         7553      1205560        0
28        1976972 0.0073647946            0            0       146048      2123020        0
29        3699761 0.0068913419       197622            0        56561      3953944        0
30        6915181 0.0064402642            0            0       484341      7399522        0
31       13124543 0.0061115916       393887            0       311932     13830362        0
32       23797887 0.0055408773      2169933            0       281266     26249086        0
33       44661530 0.0051992864            0            0      2934244     47595774        0
34       84720794 0.0049313992      3424339            0      1177927     89323060        0
