# sieve KMAX=28 DMAX=0 BRANCH=1 J=2 IMAX=0 MERGE_AFTER=0 (classes per depth t: 2^t * 3^J)  time 92.1s  bnodes 10392711309  overflow 0
# t  uncertified  fraction  newly_cert_desc  newly_cert_merge  newly_cert_branch  dfs_nodes  merge_only_after_branch
 0              5 0.5555555556            0            0            4            1        0
 1              5 0.2777777778            5            0            0            2        0
 2              5 0.1388888889            5            0            0            2        0
 3             10 0.1388888889            0            0            0            2        0
 4             15 0.1041666667            5            0            0            4        0
 5             20 0.0694444444           10            0            0            6        0
 6             35 0.0607638889            0            0            5            8        0
 7             55 0.0477430556           10            0            5           14        0
 8             80 0.0347222222           25            0            5           22        0
 9            135 0.0292968750            0            0           25           32        0
10            230 0.0249565972           25            0           15           54        0
11            400 0.0217013889            0            0           60           92        0
12            720 0.0195312500           40            0           40          160        0
13           1210 0.0164116753          190            0           40          288        0
14           2180 0.0147840712            0            0          240          484        0
15           4010 0.0135972765          265            0           85          872        0
16           6815 0.0115542942         1125            0           80         1604        0
17          12495 0.0105921427            0            0         1135         2726        0
18          23000 0.0097486708         1585            0          405         4998        0
19          42315 0.0089677175            0            0         3685         9200        0
20          79350 0.0084082286         3010            0         2270        16926        0
21         140735 0.0074564086        15870            0         2095        31740        0
22         260880 0.0069109599            0            0        20590        56294        0
23         489889 0.0064888133        24140            0         7731       104352        0
24         864338 0.0057242844       108819            0         6621       195956        0
25        1610100 0.0053316355            0            0       118576       345736        0
26        3013870 0.0049900181       161283            0        45047       644042        0
27        5307490 0.0043937647       682459            0        37791      1205560        0
28        9884721 0.0040914950            0            0       730259      2123020        0
