# sieve KMAX=30 DMAX=2048 BRANCH=1 J=0 IMAX=1 MERGE_AFTER=0 (classes per depth t: 2^t * 3^J)  time 146.2s  bnodes 49439713  overflow 0
# t  uncertified  fraction  newly_cert_desc  newly_cert_merge  newly_cert_branch  dfs_nodes  merge_only_after_branch
 0              1 1.0000000000            0            0            0            1        0
 1              1 0.5000000000            1            0            0            2        0
 2              1 0.2500000000            1            0            0            2        0
 3              2 0.2500000000            0            0            0            2        0
 4              3 0.1875000000            1            0            0            4        0
 5              4 0.1250000000            2            0            0            6        0
 6              7 0.1093750000            0            1            0            8        0
 7             11 0.0859375000            2            1            0           14        0
 8             16 0.0625000000            5            1            0           22        0
 9             27 0.0527343750            0            1            4           32        0
10             48 0.0468750000            5            1            0           54        0
11             86 0.0419921875            0            1            9           96        0
12            161 0.0393066406           10            1            0          172        0
13            272 0.0332031250           49            1            0          322        0
14            497 0.0303344727            0            1           46          544        0
15            924 0.0281982422           69            1            0          994        0
16           1562 0.0238342285          285            1            0         1848        0
17           2872 0.0219116211            0            1          251         3124        0
18           5344 0.0203857422          395            5            0         5744        0
19           9880 0.0188446045            0            9          799        10688        0
20          18947 0.0180692673          796           17            0        19760        0
21          33460 0.0159549713         4409           25            0        37894        0
22          62385 0.0148737431            0           44         4491        66920        0
23         117974 0.0140635967         6701           95            0       124770        0
24         206402 0.0123025179        29419          127            0       235948        0
25         384664 0.0114638805            0          270        27870       412804        0
26         726269 0.0108222514        42604          455            0       769328        0
27        1269738 0.0094602853       182228          572            0      1452538        0
28        2367948 0.0088212937            0         1204       170324      2539476        0
29        4472264 0.0083302408       261620         2012            0      4735896        0
30        8385079 0.0078092134            0         4956       554493      8944528        0
