# sieve KMAX=36 DMAX=0 BRANCH=0 J=0 IMAX=0 MERGE_AFTER=0 (classes per depth t: 2^t * 3^J)  time 40.5s  bnodes 0  overflow 0
# t  uncertified  fraction  newly_cert_desc  newly_cert_merge  newly_cert_branch  dfs_nodes  merge_only_after_branch
 0              1 1.0000000000            0            0            0            1        0
 1              1 0.5000000000            1            0            0            2        0
 2              1 0.2500000000            1            0            0            2        0
 3              2 0.2500000000            0            0            0            2        0
 4              3 0.1875000000            1            0            0            4        0
 5              4 0.1250000000            2            0            0            6        0
 6              8 0.1250000000            0            0            0            8        0
 7             13 0.1015625000            3            0            0           16        0
 8             19 0.0742187500            7            0            0           26        0
 9             38 0.0742187500            0            0            0           38        0
10             64 0.0625000000           12            0            0           76        0
11            128 0.0625000000            0            0            0          128        0
12            226 0.0551757812           30            0            0          256        0
13            367 0.0447998047           85            0            0          452        0
14            734 0.0447998047            0            0            0          734        0
15           1295 0.0395202637          173            0            0         1468        0
16           2114 0.0322570801          476            0            0         2590        0
17           4228 0.0322570801            0            0            0         4228        0
18           7495 0.0285911560          961            0            0         8456        0
19          14990 0.0285911560            0            0            0        14990        0
20          27328 0.0260620117         2652            0            0        29980        0
21          46611 0.0222258568         8045            0            0        54656        0
22          93222 0.0222258568            0            0            0        93222        0
23         168807 0.0201233625        17637            0            0       186444        0
24         286581 0.0170815587        51033            0            0       337614        0
25         573162 0.0170815587            0            0            0       573162        0
26        1037374 0.0154580772       108950            0            0      1146324        0
27        1762293 0.0131301060       312455            0            0      2074748        0
28        3524586 0.0131301060            0            0            0      3524586        0
29        6385637 0.0118941758       663535            0            0      7049172        0
30       12771274 0.0118941758            0            0            0     12771274        0
31       23642078 0.0110092005      1900470            0            0     25542548        0
32       41347483 0.0096269611      5936673            0            0     47284156        0
33       82694966 0.0096269611            0            0            0     82694966        0
34      151917636 0.0088427702     13472296            0            0    165389932        0
35      263841377 0.0076787947     39993895            0            0    303835272        0
36      527682754 0.0076787947            0            0            0    527682754        0
