1 0
2 0
3 0
4 1
5 2
6 22
7 184
8 3352
9 94392
10 4862136
11 451736640
12 77053409440
13 24271009614176
14 14200711423217376
15 15510501024328437632
16 31765207920260555214592
17 122456389219031625072810368
18 891699423142382480917693459072
19 12302820585630185053823007772850176
20 322511034278936785295353709466553388032
21 16103682015830587692053500866303429981283840
22 1535084941575234168096578184840083020026581184000
23 279939691214697037698998905110594795170753395486603264
24 97846013828760938042158421324733547565140432081536325939200
25 65663348338947501065725128854705605366674780148997827937484601344
26 84742167562623134050257298692788163999125978667172312431909455882598400
27 210627799924065723541001942049161964870600756024908445349119542591946949230592
28 1009642312833604132543464347021899838529355215304420362737683214775304375246432034816
29 9345648091106856203892446288550321618886078963743376023286112662327906006614173258052427776
30 167246887130070898014303133837354718616304470107330291243265032438693501827456483742378932588519424
31 5792902504688703741880164753738806981193603549903037184984976816826593869879116993188421249409052733898752
32 388755106352404801288552744599099346425945832695550104400439250237538916300022311578920575334079154761994545790976
33 50596680846562728995424523166008628750477225060927306568478497555177726085028589870353413439658674716897227629762122448896
34 12783005266008008343703362488315733348820506597289026480380250419755012019346829511844842715091427532896574552029360366953418162176
35 6274581664240017192011293302313717841611167642812659680682902689980326456772665282425882846430763284956285852097351417466060369266425724928
36 5988694009776027346041961075979032930398423449513419774626708240304548653091348652143816127156270335051545780932547606300497347633162684560359948288
37 11122700504968277115744505985029705559470223374433188227287010186707440884498535916310868756463711228224474103475196181211525617963459435568775474073333792768
38 40228745189087524439118120546957967993681358647495825937649770092248737880806342608061711085581334912968391296773116517454789842714043770483048440147439432913545723904
39 283538289142561235852293390391360154451057020271260459593322071530392576497159009843296942383040566745320649293322129969895766615190112049038056094769833660986696861595955888128
40 3896920572899495644169770783715541265280099688844965358701658428497249120685133707486524137459837314886608056099921417387825975995406668487529882185074271175424395994732929103237891489792
41 104505109327378217730542313561718299440197830869317798909206812051776200233750482975724627325437743448830346390121707589886471577632240435592630051954179665057922555833717842586074110532539267940352
42 5471646803212117364447190688794412107890917179317330818192210374069160186658470044183967412058223413578729355368541708796985761145553605493738557240189282131589175480272231730438271710894134104027543008444416
43 559640863554893200809984542299476819966317823509788894743179150464661389062718024917086763686032851289384111599907449670737665187277037055300233851142849128328702535232003204361954475315674031427236224713045063910817792
44 111878479428583079481840518930863090018351278041890274339885361998544219490649928041479457030518931704189577461130115392499560620708554367863697984018009706597464926983903247198353159823742834435847194875287113328962242950226509824
45 43737489432755595399895439909973301234325731598350151512665911462804356120377659295431404087971411333457685744319217780290738417685417887160668582253808572238218259669300357970516603310646584054015316842809272608707504697250683818868415135744
46 33453828313770228585250901447819365559077273948092454332901609853889608836225061676293608997882213761801618605316160564141845763226679978560085783907133905013780071123758836244687623100871920569798947957364966794279109344557379196348618274707046668435456
47 50087316731387017950521435894398759232772494402747835594833722861724248249911462692852344733699926563978113733257636678829793120369198924242817450438408355734556568873802923884947125905138455204715637496579542536338598846671182754597383199415283771591119613835870208
48 146857565734025119618696793149095443257017026168874128133446562928598710732754864538700311253492555166692268819626021133690070943262860938364190282114147148915939560036027114386257832521377603118792615943316074543957734734721437450774426427000758015625179671014564358687832408064
49 843606732546292921680590868190069770970527956028369446902789983237343327750933127336965863080113618800054126330103454558576030253655678473407724916362280301000508449988354683198054728913257539214440565186221311863620458796855498389640986567722223509940631392154101124615786686745660146843648
50 9498167415856816205737288503118235820770918327538035788406194809363385003784128337058881703249952328059253600089280055410511733304436952227712848240901289786163163877533383399714087974362207448014393193693849099866033993271512222097279758751509359413580955791233561186726087962135578884576904270154039296
