1 1
2 2
3 5
4 18
5 102
6 848
7 12452
8 265759
9 10454008
10 598047612
11 63620448978
12 9974635937844
13 2905660724913768
14 1268590412128132389
15 1023130650177394611897
16 1258149993547327488275562
17 2834863110716120144290954314
18 9900859865505110360978721901778
19 62789966700541818490820660260219085
20 626754770688026263598465802369258636679
21 11256824990452447883980190391781422490449643
22 322709197224240210184021932827114034505695268296
23 16500229648971657958448757393252063495966875945342103
24 1363854423811897643093117996577197078873109190304984874334
25 199403043497277732688200817094827202121041725841248825841470489
26 47673458041008308339959667197303459424735715919978766546406524143862
27 20006994424095895824681312306066615139962829403824584051878040528717145556
28 13872222728258802667853232441307101148795874092673102232824564385403409496328296
29 16766047953678150287195026956978841678042411582688907766568264592625372715762178349194
30 33790104321136640172818571219659127119006261776486831621452995226889576842401462654329631100
31 117953807792279615968449749206413140122032196452936856909398159956357136726573270010838932911794403
32 692312959517691110827216495064747432328674821894194225519628345832796298984639344226616576718831994649562
33 6997960072985420417922079957613702140094168878832273681681932041040017120276754377447661540118823662919072267426
34 119817661197738476366220629789220933166192344416127698190827489155101362045455824073330245657269081128153464982163246205
35 3514953105537499676783315425426555410652752611094278378911006397053020256472519134678002530773833101026101726766972466840353188
36 175819230450202614534824920416895273271596493732125449531256216508480397817250261623427690907246685794404233192006097778816418315290681
37 14999314478568077406060457965198809747677698226571215803150089251889445607973652067919099791121668200034642766568770737378600566660085743018159
38 2194733254541906378112907607517683909368361849614696247964692938752708427268958896421538067644872818398938973053627755328147235254769359542478785911617
39 545479964162981053950338789319293154050409639450604651705393813215397187715270962074005517965306908352643006830484667727350487216894732564609013988739942932592
40 233753717554458353688987260851379625741012295415581150064587521378965476760061245472301443799092075657755561562545135306074642475282053373957370013983420063102168430029
