1 1
2 3
3 10
4 70
5 708
6 15224
7 544152
8 39576432
9 5074417616
10 1296033011648
11 604178966756320
12 556052774253161600
13 954895322019762585664
14 3224152068625567826724224
15 20610090531322819956330186112
16 258578420736523640744475870309376
17 6203872535600076759721793585958880512
18 291972057264366461295425573484940876457472
19 26466609822063657833781540135073020739747667456
20 4706639667196516751995493710588824432928864602337280
21 1620743551638301175571654090858447801179561239350950802432
22 1095407533478272042550910619031763447423232210765100031269799936
23 1439430186328788944517502583033103900541082598506385832122521534347264
24 3714886169448999667195546073025223074219358617334892734966835128774473662464
25 18699561033958770773516256166624703728150472134051355606882005012547071377484550144
26 185001659278608700567323617731061767040834879163369458189941986958733470137865822966595584
27 3578910640620611945586180197014653115511891596307338795218436895251254042539083464023137728290816
28 136180245359235130975327418602487074057226822083613429775248838373073819523845333066954450626827651940352
29 10153217113829035153214669193885471582574592169990905278458485051468348936292574865724471779301684431988802994176
30 1490075009198648350513087504798312258405266211620303321236707592368983299960569292242036493504604664124550198817880932352
31 429219942249983145110173768318265013632104980768230593238784412421558533873380031352320222517338683822207496800517185593653035008
32 243546902928337575109937082923708099659014282611856045975165921869219137338263445107560737745890981978156918111185313640337118442387144704
33 271628376034458375366568388399041772590442510332913414655265761686653105518370051866001453177834495932166688312684345504887979171422302043608252416
34 597172339309461252010310996482620456191828191668322787710529003423898982481430719232625931817589547237883903427862174222253181310761030410754395490686599168
35 2583711109813706210792649914920148682110897308601283603446122399414160183449560253647666582712750783055620524113604765123168053878134978099175127308283485373501145088
36 22049786046240516255881621999738664087240468610931635183575772882969571324593022282208511996852086568339963202901618144950011230291045563178784765997792268574427552150802923520
37 370715689341637352172847107015107831635629860587249987931800022930371217185836790314289988588111328793966858293314267710263973850169254600325205462405112820675986517488098595628407586816
38 12301564702516256054442306697039347360069651332519727203116811724144552345364657133932526256195513352559087645922353078166096511367697008031421129364161530182542088183629728233695901653331658407936
39 804920869074299552088484706341987880499566716742114904981896495331426847114919452173656795808625497308029154547347869277481908254647967263684496614775508830124350315613498058886570245360294310906975093260288
40 104010743128158550807910341632731845417607316304223721801470215581733739217122892895788223617450923879499110947876364090730561525298916993422497291447885310690006154698725544738054515610086356320212594991118173257859072
