168 90 1 2
168 90 1 3
168 90 1 4
168 90 1 6
168 90 1 12
168 90 2 1
168 90 2 3
168 90 2 4
168 90 2 6
168 90 2 12
168 90 3 1
168 90 3 2
168 90 3 4
168 90 3 6
168 90 3 12
168 90 4 1
168 90 4 2
168 90 4 3
168 90 4 6
168 90 4 12
168 90 6 1
168 90 6 2
168 90 6 3
168 90 6 4
168 90 6 12
168 90 12 1
168 90 12 2
168 90 12 3
168 90 12 4
168 90 12 6
336 174 1 3
336 174 1 4
336 174 1 6
336 174 1 8
336 174 1 12
336 174 3 1
336 174 3 4
336 174 3 6
336 174 3 8
336 174 3 12
336 174 4 1
336 174 4 3
336 174 4 6
336 174 4 8
336 174 4 12
336 174 6 1
336 174 6 3
336 174 6 4
336 174 6 8
336 174 6 12
336 174 8 1
336 174 8 3
336 174 8 4
336 174 8 6
336 174 8 12
336 174 12 1
336 174 12 3
336 174 12 4
336 174 12 6
336 174 12 8
336 180 1 2
336 180 1 3
336 180 1 4
336 180 1 6
336 180 1 8
336 180 1 12
336 180 2 1
336 180 2 3
336 180 2 4
336 180 2 6
336 180 2 8
336 180 2 12
336 180 3 1
336 180 3 2
336 180 3 4
336 180 3 6
336 180 3 8
336 180 3 12
336 180 4 1
336 180 4 2
336 180 4 3
336 180 4 6
336 180 4 8
336 180 4 12
336 180 6 1
336 180 6 2
336 180 6 3
336 180 6 4
336 180 6 8
336 180 6 12
336 180 8 1
336 180 8 2
336 180 8 3
336 180 8 4
336 180 8 6
336 180 8 12
336 180 12 1
336 180 12 2
336 180 12 3
336 180 12 4
336 180 12 6
336 180 12 8
420 225 1 2
420 225 1 3
420 225 1 5
420 225 1 6
420 225 1 10
420 225 2 1
420 225 2 3
420 225 2 5
420 225 2 6
420 225 2 10
420 225 3 1
420 225 3 2
420 225 3 5
420 225 3 6
420 225 3 10
420 225 5 1
420 225 5 2
420 225 5 3
420 225 5 6
420 225 5 10
420 225 6 1
420 225 6 2
420 225 6 3
420 225 6 5
420 225 6 10
420 225 10 1
420 225 10 2
420 225 10 3
420 225 10 5
420 225 10 6
504 261 1 3
504 261 1 4
504 261 1 6
504 261 1 9
504 261 1 12
504 261 3 1
504 261 3 4
504 261 3 6
504 261 3 9
504 261 3 12
504 261 4 1
504 261 4 3
504 261 4 6
504 261 4 9
504 261 4 12
504 261 6 1
504 261 6 3
504 261 6 4
504 261 6 9
504 261 6 12
504 261 9 1
504 261 9 3
504 261 9 4
504 261 9 6
504 261 9 12
504 261 12 1
504 261 12 3
504 261 12 4
504 261 12 6
504 261 12 9
504 270 1 2
504 270 1 3
504 270 1 4
504 270 1 6
504 270 1 9
504 270 1 12
504 270 2 1
504 270 2 3
504 270 2 4
504 270 2 6
504 270 2 9
504 270 2 12
504 270 3 1
504 270 3 2
504 270 3 4
504 270 3 6
504 270 3 9
504 270 3 12
504 270 4 1
504 270 4 2
504 270 4 3
504 270 4 6
504 270 4 9
504 270 4 12
504 270 6 1
504 270 6 2
504 270 6 3
504 270 6 4
504 270 6 9
504 270 6 12
504 270 9 1
504 270 9 2
504 270 9 3
504 270 9 4
504 270 9 6
504 270 9 12
504 270 12 1
504 270 12 2
504 270 12 3
504 270 12 4
504 270 12 6
504 270 12 9
560 300 1 2
560 300 1 4
560 300 1 5
560 300 1 8
560 300 1 10
560 300 2 1
560 300 2 4
560 300 2 5
560 300 2 8
560 300 2 10
560 300 4 1
560 300 4 2
560 300 4 5
560 300 4 8
560 300 4 10
560 300 5 1
560 300 5 2
560 300 5 4
560 300 5 8
560 300 5 10
560 300 8 1
560 300 8 2
560 300 8 4
560 300 8 5
560 300 8 10
560 300 10 1
560 300 10 2
560 300 10 4
560 300 10 5
560 300 10 8
588 315 1 2
588 315 1 3
588 315 1 6
588 315 1 7
588 315 1 14
588 315 2 1
588 315 2 3
588 315 2 6
588 315 2 7
588 315 2 14
588 315 3 1
588 315 3 2
588 315 3 6
588 315 3 7
588 315 3 14
588 315 6 1
588 315 6 2
588 315 6 3
588 315 6 7
588 315 6 14
588 315 7 1
588 315 7 2
588 315 7 3
588 315 7 6
588 315 7 14
588 315 14 1
588 315 14 2
588 315 14 3
588 315 14 6
588 315 14 7
784 420 1 2
784 420 1 4
784 420 1 7
784 420 1 8
784 420 1 14
784 420 2 1
784 420 2 4
784 420 2 7
784 420 2 8
784 420 2 14
784 420 4 1
784 420 4 2
784 420 4 7
784 420 4 8
784 420 4 14
784 420 7 1
784 420 7 2
784 420 7 4
784 420 7 8
784 420 7 14
784 420 8 1
784 420 8 2
784 420 8 4
784 420 8 7
784 420 8 14
784 420 14 1
784 420 14 2
784 420 14 4
784 420 14 7
784 420 14 8
840 430 1 3
840 430 1 5
840 430 1 6
840 430 1 10
840 430 1 12
840 430 3 1
840 430 3 5
840 430 3 6
840 430 3 10
840 430 3 12
840 430 5 1
840 430 5 3
840 430 5 6
840 430 5 10
840 430 5 12
840 430 6 1
840 430 6 3
840 430 6 5
840 430 6 10
840 430 6 12
840 430 10 1
840 430 10 3
840 430 10 5
840 430 10 6
840 430 10 12
840 430 12 1
840 430 12 3
840 430 12 5
840 430 12 6
840 430 12 10
840 435 1 3
840 435 1 4
840 435 1 5
840 435 1 6
840 435 1 10
840 435 1 12
840 435 3 1
840 435 3 4
840 435 3 5
840 435 3 6
840 435 3 10
840 435 3 12
840 435 4 1
840 435 4 3
840 435 4 5
840 435 4 6
840 435 4 10
840 435 4 12
840 435 5 1
840 435 5 3
840 435 5 4
840 435 5 6
840 435 5 10
840 435 5 12
840 435 6 1
840 435 6 3
840 435 6 4
840 435 6 5
840 435 6 10
840 435 6 12
840 435 10 1
840 435 10 3
840 435 10 4
840 435 10 5
840 435 10 6
840 435 10 12
840 435 12 1
840 435 12 3
840 435 12 4
840 435 12 5
840 435 12 6
840 435 12 10
840 450 1 2
840 450 1 3
840 450 1 4
840 450 1 5
840 450 1 6
840 450 1 10
840 450 1 12
840 450 2 1
840 450 2 3
840 450 2 4
840 450 2 5
840 450 2 6
840 450 2 10
840 450 2 12
840 450 3 1
840 450 3 2
840 450 3 4
840 450 3 5
840 450 3 6
840 450 3 10
840 450 3 12
840 450 4 1
840 450 4 2
840 450 4 3
840 450 4 5
840 450 4 6
840 450 4 10
840 450 4 12
840 450 5 1
840 450 5 2
840 450 5 3
840 450 5 4
840 450 5 6
840 450 5 10
840 450 5 12
840 450 6 1
840 450 6 2
840 450 6 3
840 450 6 4
840 450 6 5
840 450 6 10
840 450 6 12
840 450 10 1
840 450 10 2
840 450 10 3
840 450 10 4
840 450 10 5
840 450 10 6
840 450 10 12
840 450 12 1
840 450 12 2
840 450 12 3
840 450 12 4
840 450 12 5
840 450 12 6
840 450 12 10
980 525 1 2
980 525 1 5
980 525 1 7
980 525 1 10
980 525 1 14
980 525 2 1
980 525 2 5
980 525 2 7
980 525 2 10
980 525 2 14
980 525 5 1
980 525 5 2
980 525 5 7
980 525 5 10
980 525 5 14
980 525 7 1
980 525 7 2
980 525 7 5
980 525 7 10
980 525 7 14
980 525 10 1
980 525 10 2
980 525 10 5
980 525 10 7
980 525 10 14
980 525 14 1
980 525 14 2
980 525 14 5
980 525 14 7
980 525 14 10
1008 516 1 3
1008 516 1 6
1008 516 1 8
1008 516 1 9
1008 516 1 12
1008 516 3 1
1008 516 3 6
1008 516 3 8
1008 516 3 9
1008 516 3 12
1008 516 6 1
1008 516 6 3
1008 516 6 8
1008 516 6 9
1008 516 6 12
1008 516 8 1
1008 516 8 3
1008 516 8 6
1008 516 8 9
1008 516 8 12
1008 516 9 1
1008 516 9 3
1008 516 9 6
1008 516 9 8
1008 516 9 12
1008 516 12 1
1008 516 12 3
1008 516 12 6
1008 516 12 8
1008 516 12 9
1008 522 1 3
1008 522 1 4
1008 522 1 6
1008 522 1 8
1008 522 1 9
1008 522 1 12
1008 522 3 1
1008 522 3 4
1008 522 3 6
1008 522 3 8
1008 522 3 9
1008 522 3 12
1008 522 4 1
1008 522 4 3
1008 522 4 6
1008 522 4 8
1008 522 4 9
1008 522 4 12
1008 522 6 1
1008 522 6 3
1008 522 6 4
1008 522 6 8
1008 522 6 9
1008 522 6 12
1008 522 8 1
1008 522 8 3
1008 522 8 4
1008 522 8 6
1008 522 8 9
1008 522 8 12
1008 522 9 1
1008 522 9 3
1008 522 9 4
1008 522 9 6
1008 522 9 8
1008 522 9 12
1008 522 12 1
1008 522 12 3
1008 522 12 4
1008 522 12 6
1008 522 12 8
1008 522 12 9
1008 540 1 2
1008 540 1 3
1008 540 1 4
1008 540 1 6
1008 540 1 8
1008 540 1 9
1008 540 1 12
1008 540 2 1
1008 540 2 3
1008 540 2 4
1008 540 2 6
1008 540 2 8
1008 540 2 9
1008 540 2 12
1008 540 3 1
1008 540 3 2
1008 540 3 4
1008 540 3 6
1008 540 3 8
1008 540 3 9
1008 540 3 12
1008 540 4 1
1008 540 4 2
1008 540 4 3
1008 540 4 6
1008 540 4 8
1008 540 4 9
1008 540 4 12
1008 540 6 1
1008 540 6 2
1008 540 6 3
1008 540 6 4
1008 540 6 8
1008 540 6 9
1008 540 6 12
1008 540 8 1
1008 540 8 2
1008 540 8 3
1008 540 8 4
1008 540 8 6
1008 540 8 9
1008 540 8 12
1008 540 9 1
1008 540 9 2
1008 540 9 3
1008 540 9 4
1008 540 9 6
1008 540 9 8
1008 540 9 12
1008 540 12 1
1008 540 12 2
1008 540 12 3
1008 540 12 4
1008 540 12 6
1008 540 12 8
1008 540 12 9
1176 602 1 3
1176 602 1 6
1176 602 1 7
1176 602 1 12
1176 602 1 14
1176 602 3 1
1176 602 3 6
1176 602 3 7
1176 602 3 12
1176 602 3 14
1176 602 6 1
1176 602 6 3
1176 602 6 7
1176 602 6 12
1176 602 6 14
1176 602 7 1
1176 602 7 3
1176 602 7 6
1176 602 7 12
1176 602 7 14
1176 602 12 1
1176 602 12 3
1176 602 12 6
1176 602 12 7
1176 602 12 14
1176 602 14 1
1176 602 14 3
1176 602 14 6
1176 602 14 7
1176 602 14 12
1176 609 1 3
1176 609 1 4
1176 609 1 6
1176 609 1 7
1176 609 1 12
1176 609 1 14
1176 609 3 1
1176 609 3 4
1176 609 3 6
1176 609 3 7
1176 609 3 12
1176 609 3 14
1176 609 4 1
1176 609 4 3
1176 609 4 6
1176 609 4 7
1176 609 4 12
1176 609 4 14
1176 609 6 1
1176 609 6 3
1176 609 6 4
1176 609 6 7
1176 609 6 12
1176 609 6 14
1176 609 7 1
1176 609 7 3
1176 609 7 4
1176 609 7 6
1176 609 7 12
1176 609 7 14
1176 609 12 1
1176 609 12 3
1176 609 12 4
1176 609 12 6
1176 609 12 7
1176 609 12 14
1176 609 14 1
1176 609 14 3
1176 609 14 4
1176 609 14 6
1176 609 14 7
1176 609 14 12
1176 630 1 2
1176 630 1 3
1176 630 1 4
1176 630 1 6
1176 630 1 7
1176 630 1 12
1176 630 1 14
1176 630 2 1
1176 630 2 3
1176 630 2 4
1176 630 2 6
1176 630 2 7
1176 630 2 12
1176 630 2 14
1176 630 3 1
1176 630 3 2
1176 630 3 4
1176 630 3 6
1176 630 3 7
1176 630 3 12
1176 630 3 14
1176 630 4 1
1176 630 4 2
1176 630 4 3
1176 630 4 6
1176 630 4 7
1176 630 4 12
1176 630 4 14
1176 630 6 1
1176 630 6 2
1176 630 6 3
1176 630 6 4
1176 630 6 7
1176 630 6 12
1176 630 6 14
1176 630 7 1
1176 630 7 2
1176 630 7 3
1176 630 7 4
1176 630 7 6
1176 630 7 12
1176 630 7 14
1176 630 12 1
1176 630 12 2
1176 630 12 3
1176 630 12 4
1176 630 12 6
1176 630 12 7
1176 630 12 14
1176 630 14 1
1176 630 14 2
1176 630 14 3
1176 630 14 4
1176 630 14 6
1176 630 14 7
1176 630 14 12
1260 645 1 3
1260 645 1 5
1260 645 1 6
1260 645 1 9
1260 645 1 10
1260 645 3 1
1260 645 3 5
1260 645 3 6
1260 645 3 9
1260 645 3 10
1260 645 5 1
1260 645 5 3
1260 645 5 6
1260 645 5 9
1260 645 5 10
1260 645 6 1
1260 645 6 3
1260 645 6 5
1260 645 6 9
1260 645 6 10
1260 645 9 1
1260 645 9 3
1260 645 9 5
1260 645 9 6
1260 645 9 10
1260 645 10 1
1260 645 10 3
1260 645 10 5
1260 645 10 6
1260 645 10 9
1260 675 1 2
1260 675 1 3
1260 675 1 5
1260 675 1 6
1260 675 1 9
1260 675 1 10
1260 675 2 1
1260 675 2 3
1260 675 2 5
1260 675 2 6
1260 675 2 9
1260 675 2 10
1260 675 3 1
1260 675 3 2
1260 675 3 5
1260 675 3 6
1260 675 3 9
1260 675 3 10
1260 675 5 1
1260 675 5 2
1260 675 5 3
1260 675 5 6
1260 675 5 9
1260 675 5 10
1260 675 6 1
1260 675 6 2
1260 675 6 3
1260 675 6 5
1260 675 6 9
1260 675 6 10
1260 675 9 1
1260 675 9 2
1260 675 9 3
1260 675 9 5
1260 675 9 6
1260 675 9 10
1260 675 10 1
1260 675 10 2
1260 675 10 3
1260 675 10 5
1260 675 10 6
1260 675 10 9
1680 855 1 3
1680 855 1 5
1680 855 1 8
1680 855 1 10
1680 855 1 12
1680 855 3 1
1680 855 3 5
1680 855 3 8
1680 855 3 10
1680 855 3 12
1680 855 5 1
1680 855 5 3
1680 855 5 8
1680 855 5 10
1680 855 5 12
1680 855 8 1
1680 855 8 3
1680 855 8 5
1680 855 8 10
1680 855 8 12
1680 855 10 1
1680 855 10 3
1680 855 10 5
1680 855 10 8
1680 855 10 12
1680 855 12 1
1680 855 12 3
1680 855 12 5
1680 855 12 8
1680 855 12 10
1680 860 1 3
1680 860 1 5
1680 860 1 6
1680 860 1 8
1680 860 1 10
1680 860 1 12
1680 860 3 1
1680 860 3 5
1680 860 3 6
1680 860 3 8
1680 860 3 10
1680 860 3 12
1680 860 5 1
1680 860 5 3
1680 860 5 6
1680 860 5 8
1680 860 5 10
1680 860 5 12
1680 860 6 1
1680 860 6 3
1680 860 6 5
1680 860 6 8
1680 860 6 10
1680 860 6 12
1680 860 8 1
1680 860 8 3
1680 860 8 5
1680 860 8 6
1680 860 8 10
1680 860 8 12
1680 860 10 1
1680 860 10 3
1680 860 10 5
1680 860 10 6
1680 860 10 8
1680 860 10 12
1680 860 12 1
1680 860 12 3
1680 860 12 5
1680 860 12 6
1680 860 12 8
1680 860 12 10
1680 870 1 3
1680 870 1 4
1680 870 1 5
1680 870 1 6
1680 870 1 8
1680 870 1 10
1680 870 1 12
1680 870 3 1
1680 870 3 4
1680 870 3 5
1680 870 3 6
1680 870 3 8
1680 870 3 10
1680 870 3 12
1680 870 4 1
1680 870 4 3
1680 870 4 5
1680 870 4 6
1680 870 4 8
1680 870 4 10
1680 870 4 12
1680 870 5 1
1680 870 5 3
1680 870 5 4
1680 870 5 6
1680 870 5 8
1680 870 5 10
1680 870 5 12
1680 870 6 1
1680 870 6 3
1680 870 6 4
1680 870 6 5
1680 870 6 8
1680 870 6 10
1680 870 6 12
1680 870 8 1
1680 870 8 3
1680 870 8 4
1680 870 8 5
1680 870 8 6
1680 870 8 10
1680 870 8 12
1680 870 10 1
1680 870 10 3
1680 870 10 4
1680 870 10 5
1680 870 10 6
1680 870 10 8
1680 870 10 12
1680 870 12 1
1680 870 12 3
1680 870 12 4
1680 870 12 5
1680 870 12 6
1680 870 12 8
1680 870 12 10
1680 900 1 2
1680 900 1 3
1680 900 1 4
1680 900 1 5
1680 900 1 6
1680 900 1 8
1680 900 1 10
1680 900 1 12
1680 900 2 1
1680 900 2 3
1680 900 2 4
1680 900 2 5
1680 900 2 6
1680 900 2 8
1680 900 2 10
1680 900 2 12
1680 900 3 1
1680 900 3 2
1680 900 3 4
1680 900 3 5
1680 900 3 6
1680 900 3 8
1680 900 3 10
1680 900 3 12
1680 900 4 1
1680 900 4 2
1680 900 4 3
1680 900 4 5
1680 900 4 6
1680 900 4 8
1680 900 4 10
1680 900 4 12
1680 900 5 1
1680 900 5 2
1680 900 5 3
1680 900 5 4
1680 900 5 6
1680 900 5 8
1680 900 5 10
1680 900 5 12
1680 900 6 1
1680 900 6 2
1680 900 6 3
1680 900 6 4
1680 900 6 5
1680 900 6 8
1680 900 6 10
1680 900 6 12
1680 900 8 1
1680 900 8 2
1680 900 8 3
1680 900 8 4
1680 900 8 5
1680 900 8 6
1680 900 8 10
1680 900 8 12
1680 900 10 1
1680 900 10 2
1680 900 10 3
1680 900 10 4
1680 900 10 5
1680 900 10 6
1680 900 10 8
1680 900 10 12
1680 900 12 1
1680 900 12 2
1680 900 12 3
1680 900 12 4
1680 900 12 5
1680 900 12 6
1680 900 12 8
1680 900 12 10
1764 903 1 3
1764 903 1 6
1764 903 1 7
1764 903 1 9
1764 903 1 14
1764 903 3 1
1764 903 3 6
1764 903 3 7
1764 903 3 9
1764 903 3 14
1764 903 6 1
1764 903 6 3
1764 903 6 7
1764 903 6 9
1764 903 6 14
1764 903 7 1
1764 903 7 3
1764 903 7 6
1764 903 7 9
1764 903 7 14
1764 903 9 1
1764 903 9 3
1764 903 9 6
1764 903 9 7
1764 903 9 14
1764 903 14 1
1764 903 14 3
1764 903 14 6
1764 903 14 7
1764 903 14 9
1764 945 1 2
1764 945 1 3
1764 945 1 6
1764 945 1 7
1764 945 1 9
1764 945 1 14
1764 945 2 1
1764 945 2 3
1764 945 2 6
1764 945 2 7
1764 945 2 9
1764 945 2 14
1764 945 3 1
1764 945 3 2
1764 945 3 6
1764 945 3 7
1764 945 3 9
1764 945 3 14
1764 945 6 1
1764 945 6 2
1764 945 6 3
1764 945 6 7
1764 945 6 9
1764 945 6 14
1764 945 7 1
1764 945 7 2
1764 945 7 3
1764 945 7 6
1764 945 7 9
1764 945 7 14
1764 945 9 1
1764 945 9 2
1764 945 9 3
1764 945 9 6
1764 945 9 7
1764 945 9 14
1764 945 14 1
1764 945 14 2
1764 945 14 3
1764 945 14 6
1764 945 14 7
1764 945 14 9
1848 957 1 3
1848 957 1 4
1848 957 1 6
1848 957 1 11
1848 957 1 12
1848 957 3 1
1848 957 3 4
1848 957 3 6
1848 957 3 11
1848 957 3 12
1848 957 4 1
1848 957 4 3
1848 957 4 6
1848 957 4 11
1848 957 4 12
1848 957 6 1
1848 957 6 3
1848 957 6 4
1848 957 6 11
1848 957 6 12
1848 957 11 1
1848 957 11 3
1848 957 11 4
1848 957 11 6
1848 957 11 12
1848 957 12 1
1848 957 12 3
1848 957 12 4
1848 957 12 6
1848 957 12 11
1848 990 1 2
1848 990 1 3
1848 990 1 4
1848 990 1 6
1848 990 1 11
1848 990 1 12
1848 990 2 1
1848 990 2 3
1848 990 2 4
1848 990 2 6
1848 990 2 11
1848 990 2 12
1848 990 3 1
1848 990 3 2
1848 990 3 4
1848 990 3 6
1848 990 3 11
1848 990 3 12
1848 990 4 1
1848 990 4 2
1848 990 4 3
1848 990 4 6
1848 990 4 11
1848 990 4 12
1848 990 6 1
1848 990 6 2
1848 990 6 3
1848 990 6 4
1848 990 6 11
1848 990 6 12
1848 990 11 1
1848 990 11 2
1848 990 11 3
1848 990 11 4
1848 990 11 6
1848 990 11 12
1848 990 12 1
1848 990 12 2
1848 990 12 3
1848 990 12 4
1848 990 12 6
1848 990 12 11
1960 1015 1 4
1960 1015 1 5
1960 1015 1 7
1960 1015 1 10
1960 1015 1 14
1960 1015 4 1
1960 1015 4 5
1960 1015 4 7
1960 1015 4 10
1960 1015 4 14
1960 1015 5 1
1960 1015 5 4
1960 1015 5 7
1960 1015 5 10
1960 1015 5 14
1960 1015 7 1
1960 1015 7 4
1960 1015 7 5
1960 1015 7 10
1960 1015 7 14
1960 1015 10 1
1960 1015 10 4
1960 1015 10 5
1960 1015 10 7
1960 1015 10 14
1960 1015 14 1
1960 1015 14 4
1960 1015 14 5
1960 1015 14 7
1960 1015 14 10
1960 1050 1 2
1960 1050 1 4
1960 1050 1 5
1960 1050 1 7
1960 1050 1 10
1960 1050 1 14
1960 1050 2 1
1960 1050 2 4
1960 1050 2 5
1960 1050 2 7
1960 1050 2 10
1960 1050 2 14
1960 1050 4 1
1960 1050 4 2
1960 1050 4 5
1960 1050 4 7
1960 1050 4 10
1960 1050 4 14
1960 1050 5 1
1960 1050 5 2
1960 1050 5 4
1960 1050 5 7
1960 1050 5 10
1960 1050 5 14
1960 1050 7 1
1960 1050 7 2
1960 1050 7 4
1960 1050 7 5
1960 1050 7 10
1960 1050 7 14
1960 1050 10 1
1960 1050 10 2
1960 1050 10 4
1960 1050 10 5
1960 1050 10 7
1960 1050 10 14
1960 1050 14 1
1960 1050 14 2
1960 1050 14 4
1960 1050 14 5
1960 1050 14 7
1960 1050 14 10
2184 1131 1 3
2184 1131 1 4
2184 1131 1 6
2184 1131 1 12
2184 1131 1 13
2184 1131 3 1
2184 1131 3 4
2184 1131 3 6
2184 1131 3 12
2184 1131 3 13
2184 1131 4 1
2184 1131 4 3
2184 1131 4 6
2184 1131 4 12
2184 1131 4 13
2184 1131 6 1
2184 1131 6 3
2184 1131 6 4
2184 1131 6 12
2184 1131 6 13
2184 1131 12 1
2184 1131 12 3
2184 1131 12 4
2184 1131 12 6
2184 1131 12 13
2184 1131 13 1
2184 1131 13 3
2184 1131 13 4
2184 1131 13 6
2184 1131 13 12
2184 1188 1 2
2184 1188 1 3
2184 1188 1 4
2184 1188 1 6
2184 1188 1 12
2184 1188 1 13
2184 1188 2 1
2184 1188 2 3
2184 1188 2 4
2184 1188 2 6
2184 1188 2 12
2184 1188 2 13
2184 1188 3 1
2184 1188 3 2
2184 1188 3 4
2184 1188 3 6
2184 1188 3 12
2184 1188 3 13
2184 1188 4 1
2184 1188 4 2
2184 1188 4 3
2184 1188 4 6
2184 1188 4 12
2184 1188 4 13
2184 1188 6 1
2184 1188 6 2
2184 1188 6 3
2184 1188 6 4
2184 1188 6 12
2184 1188 6 13
2184 1188 12 1
2184 1188 12 2
2184 1188 12 3
2184 1188 12 4
2184 1188 12 6
2184 1188 12 13
2184 1188 13 1
2184 1188 13 2
2184 1188 13 3
2184 1188 13 4
2184 1188 13 6
2184 1188 13 12
2352 1197 1 3
2352 1197 1 7
2352 1197 1 8
2352 1197 1 12
2352 1197 1 14
2352 1197 3 1
2352 1197 3 7
2352 1197 3 8
2352 1197 3 12
2352 1197 3 14
2352 1197 7 1
2352 1197 7 3
2352 1197 7 8
2352 1197 7 12
2352 1197 7 14
2352 1197 8 1
2352 1197 8 3
2352 1197 8 7
2352 1197 8 12
2352 1197 8 14
2352 1197 12 1
2352 1197 12 3
2352 1197 12 7
2352 1197 12 8
2352 1197 12 14
2352 1197 14 1
2352 1197 14 3
2352 1197 14 7
2352 1197 14 8
2352 1197 14 12
2352 1204 1 3
2352 1204 1 6
2352 1204 1 7
2352 1204 1 8
2352 1204 1 12
2352 1204 1 14
2352 1204 3 1
2352 1204 3 6
2352 1204 3 7
2352 1204 3 8
2352 1204 3 12
2352 1204 3 14
2352 1204 6 1
2352 1204 6 3
2352 1204 6 7
2352 1204 6 8
2352 1204 6 12
2352 1204 6 14
2352 1204 7 1
2352 1204 7 3
2352 1204 7 6
2352 1204 7 8
2352 1204 7 12
2352 1204 7 14
2352 1204 8 1
2352 1204 8 3
2352 1204 8 6
2352 1204 8 7
2352 1204 8 12
2352 1204 8 14
2352 1204 12 1
2352 1204 12 3
2352 1204 12 6
2352 1204 12 7
2352 1204 12 8
2352 1204 12 14
2352 1204 14 1
2352 1204 14 3
2352 1204 14 6
2352 1204 14 7
2352 1204 14 8
2352 1204 14 12
2352 1218 1 3
2352 1218 1 4
2352 1218 1 6
2352 1218 1 7
2352 1218 1 8
2352 1218 1 12
2352 1218 1 14
2352 1218 3 1
2352 1218 3 4
2352 1218 3 6
2352 1218 3 7
2352 1218 3 8
2352 1218 3 12
2352 1218 3 14
2352 1218 4 1
2352 1218 4 3
2352 1218 4 6
2352 1218 4 7
2352 1218 4 8
2352 1218 4 12
2352 1218 4 14
2352 1218 6 1
2352 1218 6 3
2352 1218 6 4
2352 1218 6 7
2352 1218 6 8
2352 1218 6 12
2352 1218 6 14
2352 1218 7 1
2352 1218 7 3
2352 1218 7 4
2352 1218 7 6
2352 1218 7 8
2352 1218 7 12
2352 1218 7 14
2352 1218 8 1
2352 1218 8 3
2352 1218 8 4
2352 1218 8 6
2352 1218 8 7
2352 1218 8 12
2352 1218 8 14
2352 1218 12 1
2352 1218 12 3
2352 1218 12 4
2352 1218 12 6
2352 1218 12 7
2352 1218 12 8
2352 1218 12 14
2352 1218 14 1
2352 1218 14 3
2352 1218 14 4
2352 1218 14 6
2352 1218 14 7
2352 1218 14 8
2352 1218 14 12
2352 1260 1 2
2352 1260 1 3
2352 1260 1 4
2352 1260 1 6
2352 1260 1 7
2352 1260 1 8
2352 1260 1 12
2352 1260 1 14
2352 1260 2 1
2352 1260 2 3
2352 1260 2 4
2352 1260 2 6
2352 1260 2 7
2352 1260 2 8
2352 1260 2 12
2352 1260 2 14
2352 1260 3 1
2352 1260 3 2
2352 1260 3 4
2352 1260 3 6
2352 1260 3 7
2352 1260 3 8
2352 1260 3 12
2352 1260 3 14
2352 1260 4 1
2352 1260 4 2
2352 1260 4 3
2352 1260 4 6
2352 1260 4 7
2352 1260 4 8
2352 1260 4 12
2352 1260 4 14
2352 1260 6 1
2352 1260 6 2
2352 1260 6 3
2352 1260 6 4
2352 1260 6 7
2352 1260 6 8
2352 1260 6 12
2352 1260 6 14
2352 1260 7 1
2352 1260 7 2
2352 1260 7 3
2352 1260 7 4
2352 1260 7 6
2352 1260 7 8
2352 1260 7 12
2352 1260 7 14
2352 1260 8 1
2352 1260 8 2
2352 1260 8 3
2352 1260 8 4
2352 1260 8 6
2352 1260 8 7
2352 1260 8 12
2352 1260 8 14
2352 1260 12 1
2352 1260 12 2
2352 1260 12 3
2352 1260 12 4
2352 1260 12 6
2352 1260 12 7
2352 1260 12 8
2352 1260 12 14
2352 1260 14 1
2352 1260 14 2
2352 1260 14 3
2352 1260 14 4
2352 1260 14 6
2352 1260 14 7
2352 1260 14 8
2352 1260 14 12
2520 1278 1 3
2520 1278 1 5
2520 1278 1 9
2520 1278 1 10
2520 1278 1 12
2520 1278 3 1
2520 1278 3 5
2520 1278 3 9
2520 1278 3 10
2520 1278 3 12
2520 1278 5 1
2520 1278 5 3
2520 1278 5 9
2520 1278 5 10
2520 1278 5 12
2520 1278 9 1
2520 1278 9 3
2520 1278 9 5
2520 1278 9 10
2520 1278 9 12
2520 1278 10 1
2520 1278 10 3
2520 1278 10 5
2520 1278 10 9
2520 1278 10 12
2520 1278 12 1
2520 1278 12 3
2520 1278 12 5
2520 1278 12 9
2520 1278 12 10
2520 1290 1 3
2520 1290 1 5
2520 1290 1 6
2520 1290 1 9
2520 1290 1 10
2520 1290 1 12
2520 1290 3 1
2520 1290 3 5
2520 1290 3 6
2520 1290 3 9
2520 1290 3 10
2520 1290 3 12
2520 1290 5 1
2520 1290 5 3
2520 1290 5 6
2520 1290 5 9
2520 1290 5 10
2520 1290 5 12
2520 1290 6 1
2520 1290 6 3
2520 1290 6 5
2520 1290 6 9
2520 1290 6 10
2520 1290 6 12
2520 1290 9 1
2520 1290 9 3
2520 1290 9 5
2520 1290 9 6
2520 1290 9 10
2520 1290 9 12
2520 1290 10 1
2520 1290 10 3
2520 1290 10 5
2520 1290 10 6
2520 1290 10 9
2520 1290 10 12
2520 1290 12 1
2520 1290 12 3
2520 1290 12 5
2520 1290 12 6
2520 1290 12 9
2520 1290 12 10
2520 1305 1 3
2520 1305 1 4
2520 1305 1 5
2520 1305 1 6
2520 1305 1 9
2520 1305 1 10
2520 1305 1 12
2520 1305 3 1
2520 1305 3 4
2520 1305 3 5
2520 1305 3 6
2520 1305 3 9
2520 1305 3 10
2520 1305 3 12
2520 1305 4 1
2520 1305 4 3
2520 1305 4 5
2520 1305 4 6
2520 1305 4 9
2520 1305 4 10
2520 1305 4 12
2520 1305 5 1
2520 1305 5 3
2520 1305 5 4
2520 1305 5 6
2520 1305 5 9
2520 1305 5 10
2520 1305 5 12
2520 1305 6 1
2520 1305 6 3
2520 1305 6 4
2520 1305 6 5
2520 1305 6 9
2520 1305 6 10
2520 1305 6 12
2520 1305 9 1
2520 1305 9 3
2520 1305 9 4
2520 1305 9 5
2520 1305 9 6
2520 1305 9 10
2520 1305 9 12
2520 1305 10 1
2520 1305 10 3
2520 1305 10 4
2520 1305 10 5
2520 1305 10 6
2520 1305 10 9
2520 1305 10 12
2520 1305 12 1
2520 1305 12 3
2520 1305 12 4
2520 1305 12 5
2520 1305 12 6
2520 1305 12 9
2520 1305 12 10
2520 1350 1 2
2520 1350 1 3
2520 1350 1 4
2520 1350 1 5
2520 1350 1 6
2520 1350 1 9
2520 1350 1 10
2520 1350 1 12
2520 1350 2 1
2520 1350 2 3
2520 1350 2 4
2520 1350 2 5
2520 1350 2 6
2520 1350 2 9
2520 1350 2 10
2520 1350 2 12
2520 1350 3 1
2520 1350 3 2
2520 1350 3 4
2520 1350 3 5
2520 1350 3 6
2520 1350 3 9
2520 1350 3 10
2520 1350 3 12
2520 1350 4 1
2520 1350 4 2
2520 1350 4 3
2520 1350 4 5
2520 1350 4 6
2520 1350 4 9
2520 1350 4 10
2520 1350 4 12
2520 1350 5 1
2520 1350 5 2
2520 1350 5 3
2520 1350 5 4
2520 1350 5 6
2520 1350 5 9
2520 1350 5 10
2520 1350 5 12
2520 1350 6 1
2520 1350 6 2
2520 1350 6 3
2520 1350 6 4
2520 1350 6 5
2520 1350 6 9
2520 1350 6 10
2520 1350 6 12
2520 1350 9 1
2520 1350 9 2
2520 1350 9 3
2520 1350 9 4
2520 1350 9 5
2520 1350 9 6
2520 1350 9 10
2520 1350 9 12
2520 1350 10 1
2520 1350 10 2
2520 1350 10 3
2520 1350 10 4
2520 1350 10 5
2520 1350 10 6
2520 1350 10 9
2520 1350 10 12
2520 1350 12 1
2520 1350 12 2
2520 1350 12 3
2520 1350 12 4
2520 1350 12 5
2520 1350 12 6
2520 1350 12 9
2520 1350 12 10
2772 1485 1 2
2772 1485 1 3
2772 1485 1 6
2772 1485 1 9
2772 1485 1 11
2772 1485 2 1
2772 1485 2 3
2772 1485 2 6
2772 1485 2 9
2772 1485 2 11
2772 1485 3 1
2772 1485 3 2
2772 1485 3 6
2772 1485 3 9
2772 1485 3 11
2772 1485 6 1
2772 1485 6 2
2772 1485 6 3
2772 1485 6 9
2772 1485 6 11
2772 1485 9 1
2772 1485 9 2
2772 1485 9 3
2772 1485 9 6
2772 1485 9 11
2772 1485 11 1
2772 1485 11 2
2772 1485 11 3
2772 1485 11 6
2772 1485 11 9
2940 1491 1 3
2940 1491 1 5
2940 1491 1 7
2940 1491 1 10
2940 1491 1 14
2940 1491 3 1
2940 1491 3 5
2940 1491 3 7
2940 1491 3 10
2940 1491 3 14
2940 1491 5 1
2940 1491 5 3
2940 1491 5 7
2940 1491 5 10
2940 1491 5 14
2940 1491 7 1
2940 1491 7 3
2940 1491 7 5
2940 1491 7 10
2940 1491 7 14
2940 1491 10 1
2940 1491 10 3
2940 1491 10 5
2940 1491 10 7
2940 1491 10 14
2940 1491 14 1
2940 1491 14 3
2940 1491 14 5
2940 1491 14 7
2940 1491 14 10
2940 1505 1 3
2940 1505 1 5
2940 1505 1 6
2940 1505 1 7
2940 1505 1 10
2940 1505 1 14
2940 1505 3 1
2940 1505 3 5
2940 1505 3 6
2940 1505 3 7
2940 1505 3 10
2940 1505 3 14
2940 1505 5 1
2940 1505 5 3
2940 1505 5 6
2940 1505 5 7
2940 1505 5 10
2940 1505 5 14
2940 1505 6 1
2940 1505 6 3
2940 1505 6 5
2940 1505 6 7
2940 1505 6 10
2940 1505 6 14
2940 1505 7 1
2940 1505 7 3
2940 1505 7 5
2940 1505 7 6
2940 1505 7 10
2940 1505 7 14
2940 1505 10 1
2940 1505 10 3
2940 1505 10 5
2940 1505 10 6
2940 1505 10 7
2940 1505 10 14
2940 1505 14 1
2940 1505 14 3
2940 1505 14 5
2940 1505 14 6
2940 1505 14 7
2940 1505 14 10
2940 1575 1 2
2940 1575 1 3
2940 1575 1 5
2940 1575 1 6
2940 1575 1 7
2940 1575 1 10
2940 1575 1 14
2940 1575 2 1
2940 1575 2 3
2940 1575 2 5
2940 1575 2 6
2940 1575 2 7
2940 1575 2 10
2940 1575 2 14
2940 1575 3 1
2940 1575 3 2
2940 1575 3 5
2940 1575 3 6
2940 1575 3 7
2940 1575 3 10
2940 1575 3 14
2940 1575 5 1
2940 1575 5 2
2940 1575 5 3
2940 1575 5 6
2940 1575 5 7
2940 1575 5 10
2940 1575 5 14
2940 1575 6 1
2940 1575 6 2
2940 1575 6 3
2940 1575 6 5
2940 1575 6 7
2940 1575 6 10
2940 1575 6 14
2940 1575 7 1
2940 1575 7 2
2940 1575 7 3
2940 1575 7 5
2940 1575 7 6
2940 1575 7 10
2940 1575 7 14
2940 1575 10 1
2940 1575 10 2
2940 1575 10 3
2940 1575 10 5
2940 1575 10 6
2940 1575 10 7
2940 1575 10 14
2940 1575 14 1
2940 1575 14 2
2940 1575 14 3
2940 1575 14 5
2940 1575 14 6
2940 1575 14 7
2940 1575 14 10
3080 1650 1 2
3080 1650 1 4
3080 1650 1 5
3080 1650 1 10
3080 1650 1 11
3080 1650 2 1
3080 1650 2 4
3080 1650 2 5
3080 1650 2 10
3080 1650 2 11
3080 1650 4 1
3080 1650 4 2
3080 1650 4 5
3080 1650 4 10
3080 1650 4 11
3080 1650 5 1
3080 1650 5 2
3080 1650 5 4
3080 1650 5 10
3080 1650 5 11
3080 1650 10 1
3080 1650 10 2
3080 1650 10 4
3080 1650 10 5
3080 1650 10 11
3080 1650 11 1
3080 1650 11 2
3080 1650 11 4
3080 1650 11 5
3080 1650 11 10
3276 1782 1 2
3276 1782 1 3
3276 1782 1 6
3276 1782 1 9
3276 1782 1 13
3276 1782 2 1
3276 1782 2 3
3276 1782 2 6
3276 1782 2 9
3276 1782 2 13
3276 1782 3 1
3276 1782 3 2
3276 1782 3 6
3276 1782 3 9
3276 1782 3 13
3276 1782 6 1
3276 1782 6 2
3276 1782 6 3
3276 1782 6 9
3276 1782 6 13
3276 1782 9 1
3276 1782 9 2
3276 1782 9 3
3276 1782 9 6
3276 1782 9 13
3276 1782 13 1
3276 1782 13 2
3276 1782 13 3
3276 1782 13 6
3276 1782 13 9
3528 1785 1 3
3528 1785 1 7
3528 1785 1 9
3528 1785 1 12
3528 1785 1 14
3528 1785 3 1
3528 1785 3 7
3528 1785 3 9
3528 1785 3 12
3528 1785 3 14
3528 1785 7 1
3528 1785 7 3
3528 1785 7 9
3528 1785 7 12
3528 1785 7 14
3528 1785 9 1
3528 1785 9 3
3528 1785 9 7
3528 1785 9 12
3528 1785 9 14
3528 1785 12 1
3528 1785 12 3
3528 1785 12 7
3528 1785 12 9
3528 1785 12 14
3528 1785 14 1
3528 1785 14 3
3528 1785 14 7
3528 1785 14 9
3528 1785 14 12
3528 1806 1 3
3528 1806 1 6
3528 1806 1 7
3528 1806 1 9
3528 1806 1 12
3528 1806 1 14
3528 1806 3 1
3528 1806 3 6
3528 1806 3 7
3528 1806 3 9
3528 1806 3 12
3528 1806 3 14
3528 1806 6 1
3528 1806 6 3
3528 1806 6 7
3528 1806 6 9
3528 1806 6 12
3528 1806 6 14
3528 1806 7 1
3528 1806 7 3
3528 1806 7 6
3528 1806 7 9
3528 1806 7 12
3528 1806 7 14
3528 1806 9 1
3528 1806 9 3
3528 1806 9 6
3528 1806 9 7
3528 1806 9 12
3528 1806 9 14
3528 1806 12 1
3528 1806 12 3
3528 1806 12 6
3528 1806 12 7
3528 1806 12 9
3528 1806 12 14
3528 1806 14 1
3528 1806 14 3
3528 1806 14 6
3528 1806 14 7
3528 1806 14 9
3528 1806 14 12
3528 1827 1 3
3528 1827 1 4
3528 1827 1 6
3528 1827 1 7
3528 1827 1 9
3528 1827 1 12
3528 1827 1 14
3528 1827 3 1
3528 1827 3 4
3528 1827 3 6
3528 1827 3 7
3528 1827 3 9
3528 1827 3 12
3528 1827 3 14
3528 1827 4 1
3528 1827 4 3
3528 1827 4 6
3528 1827 4 7
3528 1827 4 9
3528 1827 4 12
3528 1827 4 14
3528 1827 6 1
3528 1827 6 3
3528 1827 6 4
3528 1827 6 7
3528 1827 6 9
3528 1827 6 12
3528 1827 6 14
3528 1827 7 1
3528 1827 7 3
3528 1827 7 4
3528 1827 7 6
3528 1827 7 9
3528 1827 7 12
3528 1827 7 14
3528 1827 9 1
3528 1827 9 3
3528 1827 9 4
3528 1827 9 6
3528 1827 9 7
3528 1827 9 12
3528 1827 9 14
3528 1827 12 1
3528 1827 12 3
3528 1827 12 4
3528 1827 12 6
3528 1827 12 7
3528 1827 12 9
3528 1827 12 14
3528 1827 14 1
3528 1827 14 3
3528 1827 14 4
3528 1827 14 6
3528 1827 14 7
3528 1827 14 9
3528 1827 14 12
3528 1890 1 2
3528 1890 1 3
3528 1890 1 4
3528 1890 1 6
3528 1890 1 7
3528 1890 1 9
3528 1890 1 12
3528 1890 1 14
3528 1890 2 1
3528 1890 2 3
3528 1890 2 4
3528 1890 2 6
3528 1890 2 7
3528 1890 2 9
3528 1890 2 12
3528 1890 2 14
3528 1890 3 1
3528 1890 3 2
3528 1890 3 4
3528 1890 3 6
3528 1890 3 7
3528 1890 3 9
3528 1890 3 12
3528 1890 3 14
3528 1890 4 1
3528 1890 4 2
3528 1890 4 3
3528 1890 4 6
3528 1890 4 7
3528 1890 4 9
3528 1890 4 12
3528 1890 4 14
3528 1890 6 1
3528 1890 6 2
3528 1890 6 3
3528 1890 6 4
3528 1890 6 7
3528 1890 6 9
3528 1890 6 12
3528 1890 6 14
3528 1890 7 1
3528 1890 7 2
3528 1890 7 3
3528 1890 7 4
3528 1890 7 6
3528 1890 7 9
3528 1890 7 12
3528 1890 7 14
3528 1890 9 1
3528 1890 9 2
3528 1890 9 3
3528 1890 9 4
3528 1890 9 6
3528 1890 9 7
3528 1890 9 12
3528 1890 9 14
3528 1890 12 1
3528 1890 12 2
3528 1890 12 3
3528 1890 12 4
3528 1890 12 6
3528 1890 12 7
3528 1890 12 9
3528 1890 12 14
3528 1890 14 1
3528 1890 14 2
3528 1890 14 3
3528 1890 14 4
3528 1890 14 6
3528 1890 14 7
3528 1890 14 9
3528 1890 14 12
3640 1980 1 2
3640 1980 1 4
3640 1980 1 5
3640 1980 1 10
3640 1980 1 13
3640 1980 2 1
3640 1980 2 4
3640 1980 2 5
3640 1980 2 10
3640 1980 2 13
3640 1980 4 1
3640 1980 4 2
3640 1980 4 5
3640 1980 4 10
3640 1980 4 13
3640 1980 5 1
3640 1980 5 2
3640 1980 5 4
3640 1980 5 10
3640 1980 5 13
3640 1980 10 1
3640 1980 10 2
3640 1980 10 4
3640 1980 10 5
3640 1980 10 13
3640 1980 13 1
3640 1980 13 2
3640 1980 13 4
3640 1980 13 5
3640 1980 13 10
3696 1892 1 3
3696 1892 1 6
3696 1892 1 8
3696 1892 1 11
3696 1892 1 12
3696 1892 3 1
3696 1892 3 6
3696 1892 3 8
3696 1892 3 11
3696 1892 3 12
3696 1892 6 1
3696 1892 6 3
3696 1892 6 8
3696 1892 6 11
3696 1892 6 12
3696 1892 8 1
3696 1892 8 3
3696 1892 8 6
3696 1892 8 11
3696 1892 8 12
3696 1892 11 1
3696 1892 11 3
3696 1892 11 6
3696 1892 11 8
3696 1892 11 12
3696 1892 12 1
3696 1892 12 3
3696 1892 12 6
3696 1892 12 8
3696 1892 12 11
3696 1914 1 3
3696 1914 1 4
3696 1914 1 6
3696 1914 1 8
3696 1914 1 11
3696 1914 1 12
3696 1914 3 1
3696 1914 3 4
3696 1914 3 6
3696 1914 3 8
3696 1914 3 11
3696 1914 3 12
3696 1914 4 1
3696 1914 4 3
3696 1914 4 6
3696 1914 4 8
3696 1914 4 11
3696 1914 4 12
3696 1914 6 1
3696 1914 6 3
3696 1914 6 4
3696 1914 6 8
3696 1914 6 11
3696 1914 6 12
3696 1914 8 1
3696 1914 8 3
3696 1914 8 4
3696 1914 8 6
3696 1914 8 11
3696 1914 8 12
3696 1914 11 1
3696 1914 11 3
3696 1914 11 4
3696 1914 11 6
3696 1914 11 8
3696 1914 11 12
3696 1914 12 1
3696 1914 12 3
3696 1914 12 4
3696 1914 12 6
3696 1914 12 8
3696 1914 12 11
3696 1980 1 2
3696 1980 1 3
3696 1980 1 4
3696 1980 1 6
3696 1980 1 8
3696 1980 1 11
3696 1980 1 12
3696 1980 2 1
3696 1980 2 3
3696 1980 2 4
3696 1980 2 6
3696 1980 2 8
3696 1980 2 11
3696 1980 2 12
3696 1980 3 1
3696 1980 3 2
3696 1980 3 4
3696 1980 3 6
3696 1980 3 8
3696 1980 3 11
3696 1980 3 12
3696 1980 4 1
3696 1980 4 2
3696 1980 4 3
3696 1980 4 6
3696 1980 4 8
3696 1980 4 11
3696 1980 4 12
3696 1980 6 1
3696 1980 6 2
3696 1980 6 3
3696 1980 6 4
3696 1980 6 8
3696 1980 6 11
3696 1980 6 12
3696 1980 8 1
3696 1980 8 2
3696 1980 8 3
3696 1980 8 4
3696 1980 8 6
3696 1980 8 11
3696 1980 8 12
3696 1980 11 1
3696 1980 11 2
3696 1980 11 3
3696 1980 11 4
3696 1980 11 6
3696 1980 11 8
3696 1980 11 12
3696 1980 12 1
3696 1980 12 2
3696 1980 12 3
3696 1980 12 4
3696 1980 12 6
3696 1980 12 8
3696 1980 12 11
3920 1995 1 5
3920 1995 1 7
3920 1995 1 8
3920 1995 1 10
3920 1995 1 14
3920 1995 5 1
3920 1995 5 7
3920 1995 5 8
3920 1995 5 10
3920 1995 5 14
3920 1995 7 1
3920 1995 7 5
3920 1995 7 8
3920 1995 7 10
3920 1995 7 14
3920 1995 8 1
3920 1995 8 5
3920 1995 8 7
3920 1995 8 10
3920 1995 8 14
3920 1995 10 1
3920 1995 10 5
3920 1995 10 7
3920 1995 10 8
3920 1995 10 14
3920 1995 14 1
3920 1995 14 5
3920 1995 14 7
3920 1995 14 8
3920 1995 14 10
3920 2030 1 4
3920 2030 1 5
3920 2030 1 7
3920 2030 1 8
3920 2030 1 10
3920 2030 1 14
3920 2030 4 1
3920 2030 4 5
3920 2030 4 7
3920 2030 4 8
3920 2030 4 10
3920 2030 4 14
3920 2030 5 1
3920 2030 5 4
3920 2030 5 7
3920 2030 5 8
3920 2030 5 10
3920 2030 5 14
3920 2030 7 1
3920 2030 7 4
3920 2030 7 5
3920 2030 7 8
3920 2030 7 10
3920 2030 7 14
3920 2030 8 1
3920 2030 8 4
3920 2030 8 5
3920 2030 8 7
3920 2030 8 10
3920 2030 8 14
3920 2030 10 1
3920 2030 10 4
3920 2030 10 5
3920 2030 10 7
3920 2030 10 8
3920 2030 10 14
3920 2030 14 1
3920 2030 14 4
3920 2030 14 5
3920 2030 14 7
3920 2030 14 8
3920 2030 14 10
3920 2100 1 2
3920 2100 1 4
3920 2100 1 5
3920 2100 1 7
3920 2100 1 8
3920 2100 1 10
3920 2100 1 14
3920 2100 2 1
3920 2100 2 4
3920 2100 2 5
3920 2100 2 7
3920 2100 2 8
3920 2100 2 10
3920 2100 2 14
3920 2100 4 1
3920 2100 4 2
3920 2100 4 5
3920 2100 4 7
3920 2100 4 8
3920 2100 4 10
3920 2100 4 14
3920 2100 5 1
3920 2100 5 2
3920 2100 5 4
3920 2100 5 7
3920 2100 5 8
3920 2100 5 10
3920 2100 5 14
3920 2100 7 1
3920 2100 7 2
3920 2100 7 4
3920 2100 7 5
3920 2100 7 8
3920 2100 7 10
3920 2100 7 14
3920 2100 8 1
3920 2100 8 2
3920 2100 8 4
3920 2100 8 5
3920 2100 8 7
3920 2100 8 10
3920 2100 8 14
3920 2100 10 1
3920 2100 10 2
3920 2100 10 4
3920 2100 10 5
3920 2100 10 7
3920 2100 10 8
3920 2100 10 14
3920 2100 14 1
3920 2100 14 2
3920 2100 14 4
3920 2100 14 5
3920 2100 14 7
3920 2100 14 8
3920 2100 14 10
4312 2310 1 2
4312 2310 1 4
4312 2310 1 7
4312 2310 1 11
4312 2310 1 14
4312 2310 2 1
4312 2310 2 4
4312 2310 2 7
4312 2310 2 11
4312 2310 2 14
4312 2310 4 1
4312 2310 4 2
4312 2310 4 7
4312 2310 4 11
4312 2310 4 14
4312 2310 7 1
4312 2310 7 2
4312 2310 7 4
4312 2310 7 11
4312 2310 7 14
4312 2310 11 1
4312 2310 11 2
4312 2310 11 4
4312 2310 11 7
4312 2310 11 14
4312 2310 14 1
4312 2310 14 2
4312 2310 14 4
4312 2310 14 7
4312 2310 14 11
4368 2236 1 3
4368 2236 1 6
4368 2236 1 8
4368 2236 1 12
4368 2236 1 13
4368 2236 3 1
4368 2236 3 6
4368 2236 3 8
4368 2236 3 12
4368 2236 3 13
4368 2236 6 1
4368 2236 6 3
4368 2236 6 8
4368 2236 6 12
4368 2236 6 13
4368 2236 8 1
4368 2236 8 3
4368 2236 8 6
4368 2236 8 12
4368 2236 8 13
4368 2236 12 1
4368 2236 12 3
4368 2236 12 6
4368 2236 12 8
4368 2236 12 13
4368 2236 13 1
4368 2236 13 3
4368 2236 13 6
4368 2236 13 8
4368 2236 13 12
4368 2262 1 3
4368 2262 1 4
4368 2262 1 6
4368 2262 1 8
4368 2262 1 12
4368 2262 1 13
4368 2262 3 1
4368 2262 3 4
4368 2262 3 6
4368 2262 3 8
4368 2262 3 12
4368 2262 3 13
4368 2262 4 1
4368 2262 4 3
4368 2262 4 6
4368 2262 4 8
4368 2262 4 12
4368 2262 4 13
4368 2262 6 1
4368 2262 6 3
4368 2262 6 4
4368 2262 6 8
4368 2262 6 12
4368 2262 6 13
4368 2262 8 1
4368 2262 8 3
4368 2262 8 4
4368 2262 8 6
4368 2262 8 12
4368 2262 8 13
4368 2262 12 1
4368 2262 12 3
4368 2262 12 4
4368 2262 12 6
4368 2262 12 8
4368 2262 12 13
4368 2262 13 1
4368 2262 13 3
4368 2262 13 4
4368 2262 13 6
4368 2262 13 8
4368 2262 13 12
4368 2376 1 2
4368 2376 1 3
4368 2376 1 4
4368 2376 1 6
4368 2376 1 8
4368 2376 1 12
4368 2376 1 13
4368 2376 2 1
4368 2376 2 3
4368 2376 2 4
4368 2376 2 6
4368 2376 2 8
4368 2376 2 12
4368 2376 2 13
4368 2376 3 1
4368 2376 3 2
4368 2376 3 4
4368 2376 3 6
4368 2376 3 8
4368 2376 3 12
4368 2376 3 13
4368 2376 4 1
4368 2376 4 2
4368 2376 4 3
4368 2376 4 6
4368 2376 4 8
4368 2376 4 12
4368 2376 4 13
4368 2376 6 1
4368 2376 6 2
4368 2376 6 3
4368 2376 6 4
4368 2376 6 8
4368 2376 6 12
4368 2376 6 13
4368 2376 8 1
4368 2376 8 2
4368 2376 8 3
4368 2376 8 4
4368 2376 8 6
4368 2376 8 12
4368 2376 8 13
4368 2376 12 1
4368 2376 12 2
4368 2376 12 3
4368 2376 12 4
4368 2376 12 6
4368 2376 12 8
4368 2376 12 13
4368 2376 13 1
4368 2376 13 2
4368 2376 13 3
4368 2376 13 4
4368 2376 13 6
4368 2376 13 8
4368 2376 13 12
