# qsurv mode=mers param=61 paths=100000 TMAX=1000000 seed=261 chains=31 censored=0 mean_steps=5602.6
# T survivors q sqrtT_q
1 100000 1.000000e+00 1.0000
2 100000 1.000000e+00 1.4142
3 100000 1.000000e+00 1.7321
4 100000 1.000000e+00 2.0000
5 100000 1.000000e+00 2.2361
6 100000 1.000000e+00 2.4495
8 100000 1.000000e+00 2.8284
10 95272 9.527200e-01 3.0128
13 91678 9.167800e-01 3.3055
16 89709 8.970900e-01 3.5884
20 87429 8.742900e-01 3.9099
25 84887 8.488700e-01 4.2443
32 81761 8.176100e-01 4.6251
40 78313 7.831300e-01 4.9529
50 74487 7.448700e-01 5.2670
63 70098 7.009800e-01 5.5639
79 65345 6.534500e-01 5.8080
100 59995 5.999500e-01 5.9995
126 54579 5.457900e-01 6.1265
158 49229 4.922900e-01 6.1880
200 43736 4.373600e-01 6.1852
251 38586 3.858600e-01 6.1132
316 33719 3.371900e-01 5.9940
398 29144 2.914400e-01 5.8142
501 25102 2.510200e-01 5.6186
631 21411 2.141100e-01 5.3784
794 18196 1.819600e-01 5.1273
1000 15475 1.547500e-01 4.8936
1259 13044 1.304400e-01 4.6283
1585 11059 1.105900e-01 4.4028
1995 9425 9.425000e-02 4.2097
2512 8008 8.008000e-02 4.0136
3162 6818 6.818000e-02 3.8339
3981 5831 5.831000e-02 3.6791
5012 4964 4.964000e-02 3.5143
6310 4282 4.282000e-02 3.4014
7943 3669 3.669000e-02 3.2699
10000 3146 3.146000e-02 3.1460
12589 2695 2.695000e-02 3.0238
15849 2337 2.337000e-02 2.9421
19953 2044 2.044000e-02 2.8873
25119 1766 1.766000e-02 2.7989
31623 1530 1.530000e-02 2.7208
39811 1352 1.352000e-02 2.6976
50119 1180 1.180000e-02 2.6417
63096 1026 1.026000e-02 2.5772
79433 915 9.150000e-03 2.5788
100000 804 8.040000e-03 2.5425
125893 729 7.290000e-03 2.5866
158489 651 6.510000e-03 2.5917
199526 571 5.710000e-03 2.5506
251189 516 5.160000e-03 2.5861
316228 457 4.570000e-03 2.5699
398107 421 4.210000e-03 2.6563
501187 367 3.670000e-03 2.5982
630957 340 3.400000e-03 2.7007
794328 301 3.010000e-03 2.6827
1000000 267 2.670000e-03 2.6700
