# qsurv mode=mers param=961 paths=10000 TMAX=100000 seed=961 chains=481 censored=0 mean_steps=2091.4
# T survivors q sqrtT_q
1 10000 1.000000e+00 1.0000
2 10000 1.000000e+00 1.4142
3 10000 1.000000e+00 1.7321
4 10000 1.000000e+00 2.0000
5 10000 1.000000e+00 2.2361
6 10000 1.000000e+00 2.4495
8 10000 1.000000e+00 2.8284
10 9507 9.507000e-01 3.0064
13 9143 9.143000e-01 3.2966
16 8960 8.960000e-01 3.5840
20 8747 8.747000e-01 3.9118
25 8521 8.521000e-01 4.2605
32 8191 8.191000e-01 4.6335
40 7891 7.891000e-01 4.9907
50 7505 7.505000e-01 5.3068
63 7059 7.059000e-01 5.6029
79 6610 6.610000e-01 5.8751
100 6079 6.079000e-01 6.0790
126 5524 5.524000e-01 6.2007
158 4978 4.978000e-01 6.2572
200 4412 4.412000e-01 6.2395
251 3907 3.907000e-01 6.1899
316 3425 3.425000e-01 6.0884
398 2953 2.953000e-01 5.8912
501 2582 2.582000e-01 5.7793
631 2211 2.211000e-01 5.5540
794 1892 1.892000e-01 5.3313
1000 1612 1.612000e-01 5.0976
1259 1372 1.372000e-01 4.8682
1585 1169 1.169000e-01 4.6540
1995 995 9.950000e-02 4.4442
2512 853 8.530000e-02 4.2752
3162 743 7.430000e-02 4.1780
3981 637 6.370000e-02 4.0192
5012 530 5.300000e-02 3.7522
6310 448 4.480000e-02 3.5587
7943 391 3.910000e-02 3.4847
10000 337 3.370000e-02 3.3700
12589 283 2.830000e-02 3.1753
15849 250 2.500000e-02 3.1473
19953 213 2.130000e-02 3.0087
25119 187 1.870000e-02 2.9638
31623 164 1.640000e-02 2.9164
39811 143 1.430000e-02 2.8532
50119 115 1.150000e-02 2.5745
63096 106 1.060000e-02 2.6626
79433 93 9.300000e-03 2.6211
100000 80 8.000000e-03 2.5298
