# qsurv mode=mers param=241 paths=40000 TMAX=1000000 seed=441 chains=121 censored=0 mean_steps=4695.9
# T survivors q sqrtT_q
1 40000 1.000000e+00 1.0000
2 40000 1.000000e+00 1.4142
3 40000 1.000000e+00 1.7321
4 40000 1.000000e+00 2.0000
5 40000 1.000000e+00 2.2361
6 40000 1.000000e+00 2.4495
8 40000 1.000000e+00 2.8284
10 38123 9.530750e-01 3.0139
13 36689 9.172250e-01 3.3071
16 35945 8.986250e-01 3.5945
20 34990 8.747500e-01 3.9120
25 33995 8.498750e-01 4.2494
32 32719 8.179750e-01 4.6272
40 31380 7.845000e-01 4.9616
50 29875 7.468750e-01 5.2812
63 28115 7.028750e-01 5.5789
79 26164 6.541000e-01 5.8138
100 24031 6.007750e-01 6.0077
126 21941 5.485250e-01 6.1572
158 19814 4.953500e-01 6.2265
200 17500 4.375000e-01 6.1872
251 15452 3.863000e-01 6.1201
316 13532 3.383000e-01 6.0138
398 11692 2.923000e-01 5.8314
501 10003 2.500750e-01 5.5974
631 8546 2.136500e-01 5.3668
794 7233 1.808250e-01 5.0953
1000 6147 1.536750e-01 4.8596
1259 5188 1.297000e-01 4.6021
1585 4399 1.099750e-01 4.3783
1995 3739 9.347500e-02 4.1751
2512 3178 7.945000e-02 3.9820
3162 2682 6.705000e-02 3.7703
3981 2265 5.662500e-02 3.5728
5012 1929 4.822500e-02 3.4141
6310 1655 4.137500e-02 3.2866
7943 1425 3.562500e-02 3.1750
10000 1232 3.080000e-02 3.0800
12589 1071 2.677500e-02 3.0042
15849 940 2.350000e-02 2.9585
19953 808 2.020000e-02 2.8534
25119 705 1.762500e-02 2.7934
31623 592 1.480000e-02 2.6319
39811 520 1.300000e-02 2.5939
50119 438 1.095000e-02 2.4514
63096 373 9.325000e-03 2.3423
79433 330 8.250000e-03 2.3252
100000 283 7.075000e-03 2.2373
125893 239 5.975000e-03 2.1200
158489 208 5.200000e-03 2.0702
199526 179 4.475000e-03 1.9989
251189 163 4.075000e-03 2.0423
316228 144 3.600000e-03 2.0244
398107 129 3.225000e-03 2.0348
501187 115 2.875000e-03 2.0353
630957 99 2.475000e-03 1.9660
794328 91 2.275000e-03 2.0276
1000000 72 1.800000e-03 1.8000
