# qsurv mode=mers param=1 paths=200000 TMAX=1000000 seed=201 chains=1 censored=0 mean_steps=32510.9
# T survivors q sqrtT_q
1 200000 1.000000e+00 1.0000
2 200000 1.000000e+00 1.4142
3 200000 1.000000e+00 1.7321
4 200000 1.000000e+00 2.0000
5 200000 1.000000e+00 2.2361
6 200000 1.000000e+00 2.4495
8 200000 1.000000e+00 2.8284
10 190600 9.530000e-01 3.0137
13 183523 9.176150e-01 3.3085
16 179663 8.983150e-01 3.5933
20 175662 8.783100e-01 3.9279
25 171669 8.583450e-01 4.2917
32 166983 8.349150e-01 4.7230
40 162535 8.126750e-01 5.1398
50 157853 7.892650e-01 5.5809
63 152921 7.646050e-01 6.0689
79 147877 7.393850e-01 6.5718
100 142341 7.117050e-01 7.1171
126 136782 6.839100e-01 7.6769
158 131210 6.560500e-01 8.2464
200 125109 6.255450e-01 8.8465
251 119186 5.959300e-01 9.4413
316 113071 5.653550e-01 10.0500
398 106740 5.337000e-01 10.6473
501 100430 5.021500e-01 11.2396
631 94012 4.700600e-01 11.8078
794 87593 4.379650e-01 12.3410
1000 81376 4.068800e-01 12.8667
1259 75275 3.763750e-01 13.3547
1585 69357 3.467850e-01 13.8062
1995 63544 3.177200e-01 14.1911
2512 58101 2.905050e-01 14.5601
3162 52997 2.649850e-01 14.9005
3981 48199 2.409950e-01 15.2056
5012 43674 2.183700e-01 15.4596
6310 39560 1.978000e-01 15.7123
7943 35633 1.781650e-01 15.8787
10000 32021 1.601050e-01 16.0105
12589 28787 1.439350e-01 16.1496
15849 25792 1.289600e-01 16.2351
19953 23170 1.158500e-01 16.3644
25119 20736 1.036800e-01 16.4322
31623 18483 9.241500e-02 16.4340
39811 16585 8.292500e-02 16.5458
50119 14818 7.409000e-02 16.5867
63096 13199 6.599500e-02 16.5772
79433 11744 5.872000e-02 16.5496
100000 10538 5.269000e-02 16.6620
125893 9429 4.714500e-02 16.7277
158489 8409 4.204500e-02 16.7384
199526 7431 3.715500e-02 16.5965
251189 6614 3.307000e-02 16.5743
316228 5915 2.957500e-02 16.6313
398107 5264 2.632000e-02 16.6068
501187 4711 2.355500e-02 16.6757
630957 4194 2.097000e-02 16.6571
794328 3746 1.873000e-02 16.6931
1000000 3363 1.681500e-02 16.8150
