# qsurv mode=trans param=12 paths=100000 TMAX=1000000 seed=112 chains=12 censored=0 mean_steps=2081.5
# T survivors q sqrtT_q
1 100000 1.000000e+00 1.0000
2 100000 1.000000e+00 1.4142
3 87531 8.753100e-01 1.5161
4 74997 7.499700e-01 1.4999
5 65702 6.570200e-01 1.4691
6 59377 5.937700e-01 1.4544
8 51185 5.118500e-01 1.4477
10 45231 4.523100e-01 1.4303
13 38918 3.891800e-01 1.4032
16 34559 3.455900e-01 1.3824
20 30212 3.021200e-01 1.3511
25 26477 2.647700e-01 1.3238
32 23008 2.300800e-01 1.3015
40 20380 2.038000e-01 1.2889
50 18090 1.809000e-01 1.2792
63 16098 1.609800e-01 1.2777
79 14318 1.431800e-01 1.2726
100 12625 1.262500e-01 1.2625
126 11188 1.118800e-01 1.2558
158 9912 9.912000e-02 1.2459
200 8680 8.680000e-02 1.2275
251 7680 7.680000e-02 1.2167
316 6733 6.733000e-02 1.1969
398 5960 5.960000e-02 1.1890
501 5243 5.243000e-02 1.1735
631 4615 4.615000e-02 1.1593
794 4003 4.003000e-02 1.1280
1000 3524 3.524000e-02 1.1144
1259 3067 3.067000e-02 1.0882
1585 2694 2.694000e-02 1.0725
1995 2349 2.349000e-02 1.0492
2512 2082 2.082000e-02 1.0435
3162 1842 1.842000e-02 1.0358
3981 1631 1.631000e-02 1.0291
5012 1442 1.442000e-02 1.0209
6310 1267 1.267000e-02 1.0064
7943 1131 1.131000e-02 1.0080
10000 998 9.980000e-03 0.9980
12589 881 8.810000e-03 0.9885
15849 780 7.800000e-03 0.9820
19953 709 7.090000e-03 1.0015
25119 628 6.280000e-03 0.9953
31623 568 5.680000e-03 1.0101
39811 496 4.960000e-03 0.9897
50119 438 4.380000e-03 0.9806
63096 383 3.830000e-03 0.9621
79433 348 3.480000e-03 0.9808
100000 305 3.050000e-03 0.9645
125893 276 2.760000e-03 0.9793
158489 253 2.530000e-03 1.0072
199526 225 2.250000e-03 1.0050
251189 203 2.030000e-03 1.0174
316228 185 1.850000e-03 1.0403
398107 170 1.700000e-03 1.0726
501187 153 1.530000e-03 1.0832
630957 132 1.320000e-03 1.0485
794328 123 1.230000e-03 1.0962
1000000 112 1.120000e-03 1.1200
