# qsurv mode=trans param=48 paths=100000 TMAX=1000000 seed=148 chains=48 censored=0 mean_steps=453.0
# T survivors q sqrtT_q
1 100000 1.000000e+00 1.0000
2 100000 1.000000e+00 1.4142
3 87326 8.732600e-01 1.5125
4 75002 7.500200e-01 1.5000
5 65606 6.560600e-01 1.4670
6 59316 5.931600e-01 1.4529
8 49581 4.958100e-01 1.4024
10 43157 4.315700e-01 1.3647
13 35859 3.585900e-01 1.2929
16 30347 3.034700e-01 1.2139
20 24951 2.495100e-01 1.1158
25 20107 2.010700e-01 1.0053
32 15577 1.557700e-01 0.8812
40 12214 1.221400e-01 0.7725
50 9610 9.610000e-02 0.6795
63 7599 7.599000e-02 0.6032
79 6093 6.093000e-02 0.5416
100 4883 4.883000e-02 0.4883
126 3986 3.986000e-02 0.4474
158 3317 3.317000e-02 0.4169
200 2769 2.769000e-02 0.3916
251 2318 2.318000e-02 0.3672
316 1936 1.936000e-02 0.3442
398 1630 1.630000e-02 0.3252
501 1378 1.378000e-02 0.3084
631 1164 1.164000e-02 0.2924
794 975 9.750000e-03 0.2747
1000 819 8.190000e-03 0.2590
1259 716 7.160000e-03 0.2541
1585 633 6.330000e-03 0.2520
1995 539 5.390000e-03 0.2407
2512 456 4.560000e-03 0.2285
3162 391 3.910000e-03 0.2199
3981 347 3.470000e-03 0.2189
5012 311 3.110000e-03 0.2202
6310 266 2.660000e-03 0.2113
7943 243 2.430000e-03 0.2166
10000 209 2.090000e-03 0.2090
12589 183 1.830000e-03 0.2053
15849 162 1.620000e-03 0.2039
19953 144 1.440000e-03 0.2034
25119 131 1.310000e-03 0.2076
31623 112 1.120000e-03 0.1992
39811 106 1.060000e-03 0.2115
50119 97 9.700000e-04 0.2172
63096 85 8.500000e-04 0.2135
79433 76 7.600000e-04 0.2142
100000 68 6.800000e-04 0.2150
125893 62 6.200000e-04 0.2200
158489 55 5.500000e-04 0.2190
199526 49 4.900000e-04 0.2189
251189 42 4.200000e-04 0.2105
316228 39 3.900000e-04 0.2193
398107 38 3.800000e-04 0.2398
501187 32 3.200000e-04 0.2265
630957 28 2.800000e-04 0.2224
794328 25 2.500000e-04 0.2228
1000000 20 2.000000e-04 0.2000
