# qsurv mode=trans param=24 paths=100000 TMAX=1000000 seed=124 chains=24 censored=0 mean_steps=874.2
# T survivors q sqrtT_q
1 100000 1.000000e+00 1.0000
2 100000 1.000000e+00 1.4142
3 87491 8.749100e-01 1.5154
4 74948 7.494800e-01 1.4990
5 65664 6.566400e-01 1.4683
6 59385 5.938500e-01 1.4546
8 50082 5.008200e-01 1.4165
10 43757 4.375700e-01 1.3837
13 36952 3.695200e-01 1.3323
16 31853 3.185300e-01 1.2741
20 26845 2.684500e-01 1.2005
25 22509 2.250900e-01 1.1255
32 18484 1.848400e-01 1.0456
40 15497 1.549700e-01 0.9801
50 13066 1.306600e-01 0.9239
63 10983 1.098300e-01 0.8717
79 9356 9.356000e-02 0.8316
100 7922 7.922000e-02 0.7922
126 6716 6.716000e-02 0.7539
158 5740 5.740000e-02 0.7215
200 4880 4.880000e-02 0.6901
251 4215 4.215000e-02 0.6678
316 3658 3.658000e-02 0.6503
398 3174 3.174000e-02 0.6332
501 2691 2.691000e-02 0.6023
631 2333 2.333000e-02 0.5860
794 1970 1.970000e-02 0.5551
1000 1699 1.699000e-02 0.5373
1259 1479 1.479000e-02 0.5248
1585 1274 1.274000e-02 0.5072
1995 1121 1.121000e-02 0.5007
2512 980 9.800000e-03 0.4912
3162 853 8.530000e-03 0.4797
3981 730 7.300000e-03 0.4606
5012 624 6.240000e-03 0.4418
6310 549 5.490000e-03 0.4361
7943 490 4.900000e-03 0.4367
10000 432 4.320000e-03 0.4320
12589 383 3.830000e-03 0.4297
15849 342 3.420000e-03 0.4306
19953 306 3.060000e-03 0.4322
25119 277 2.770000e-03 0.4390
31623 241 2.410000e-03 0.4286
39811 212 2.120000e-03 0.4230
50119 184 1.840000e-03 0.4119
63096 162 1.620000e-03 0.4069
79433 146 1.460000e-03 0.4115
100000 132 1.320000e-03 0.4174
125893 116 1.160000e-03 0.4116
158489 106 1.060000e-03 0.4220
199526 91 9.100000e-04 0.4065
251189 79 7.900000e-04 0.3959
316228 73 7.300000e-04 0.4105
398107 67 6.700000e-04 0.4227
501187 60 6.000000e-04 0.4248
630957 55 5.500000e-04 0.4369
794328 50 5.000000e-04 0.4456
1000000 48 4.800000e-04 0.4800
