# qsurv mode=trans param=64 paths=100000 TMAX=1000000 seed=164 chains=64 censored=0 mean_steps=279.1
# T survivors q sqrtT_q
1 100000 1.000000e+00 1.0000
2 100000 1.000000e+00 1.4142
3 87584 8.758400e-01 1.5170
4 75158 7.515800e-01 1.5032
5 65791 6.579100e-01 1.4711
6 59546 5.954600e-01 1.4586
8 49718 4.971800e-01 1.4062
10 42950 4.295000e-01 1.3582
13 35692 3.569200e-01 1.2869
16 29993 2.999300e-01 1.1997
20 24422 2.442200e-01 1.0922
25 19494 1.949400e-01 0.9747
32 14808 1.480800e-01 0.8377
40 11293 1.129300e-01 0.7142
50 8680 8.680000e-02 0.6138
63 6639 6.639000e-02 0.5270
79 5182 5.182000e-02 0.4606
100 4067 4.067000e-02 0.4067
126 3243 3.243000e-02 0.3640
158 2666 2.666000e-02 0.3351
200 2178 2.178000e-02 0.3080
251 1792 1.792000e-02 0.2839
316 1465 1.465000e-02 0.2604
398 1213 1.213000e-02 0.2420
501 1029 1.029000e-02 0.2303
631 868 8.680000e-03 0.2180
794 746 7.460000e-03 0.2102
1000 620 6.200000e-03 0.1961
1259 532 5.320000e-03 0.1888
1585 451 4.510000e-03 0.1796
1995 386 3.860000e-03 0.1724
2512 332 3.320000e-03 0.1664
3162 284 2.840000e-03 0.1597
3981 247 2.470000e-03 0.1558
5012 213 2.130000e-03 0.1508
6310 181 1.810000e-03 0.1438
7943 166 1.660000e-03 0.1479
10000 138 1.380000e-03 0.1380
12589 120 1.200000e-03 0.1346
15849 105 1.050000e-03 0.1322
19953 92 9.200000e-04 0.1300
25119 81 8.100000e-04 0.1284
31623 73 7.300000e-04 0.1298
39811 64 6.400000e-04 0.1277
50119 56 5.600000e-04 0.1254
63096 50 5.000000e-04 0.1256
79433 45 4.500000e-04 0.1268
100000 39 3.900000e-04 0.1233
125893 34 3.400000e-04 0.1206
158489 29 2.900000e-04 0.1155
199526 29 2.900000e-04 0.1295
251189 27 2.700000e-04 0.1353
316228 23 2.300000e-04 0.1293
398107 19 1.900000e-04 0.1199
501187 18 1.800000e-04 0.1274
630957 17 1.700000e-04 0.1350
794328 15 1.500000e-04 0.1337
1000000 13 1.300000e-04 0.1300
