# qsurv mode=trans param=16 paths=100000 TMAX=1000000 seed=116 chains=16 censored=0 mean_steps=1615.0
# T survivors q sqrtT_q
1 100000 1.000000e+00 1.0000
2 100000 1.000000e+00 1.4142
3 87506 8.750600e-01 1.5156
4 75109 7.510900e-01 1.5022
5 65706 6.570600e-01 1.4692
6 59512 5.951200e-01 1.4577
8 50133 5.013300e-01 1.4180
10 44143 4.414300e-01 1.3959
13 37758 3.775800e-01 1.3614
16 33056 3.305600e-01 1.3222
20 28415 2.841500e-01 1.2708
25 24379 2.437900e-01 1.2189
32 20604 2.060400e-01 1.1655
40 17804 1.780400e-01 1.1260
50 15478 1.547800e-01 1.0945
63 13432 1.343200e-01 1.0661
79 11699 1.169900e-01 1.0398
100 10142 1.014200e-01 1.0142
126 8840 8.840000e-02 0.9923
158 7798 7.798000e-02 0.9802
200 6798 6.798000e-02 0.9614
251 5961 5.961000e-02 0.9444
316 5213 5.213000e-02 0.9267
398 4510 4.510000e-02 0.8997
501 3910 3.910000e-02 0.8752
631 3447 3.447000e-02 0.8659
794 3008 3.008000e-02 0.8476
1000 2633 2.633000e-02 0.8326
1259 2267 2.267000e-02 0.8044
1585 1976 1.976000e-02 0.7867
1995 1735 1.735000e-02 0.7749
2512 1502 1.502000e-02 0.7528
3162 1334 1.334000e-02 0.7501
3981 1170 1.170000e-02 0.7382
5012 1049 1.049000e-02 0.7426
6310 929 9.290000e-03 0.7380
7943 806 8.060000e-03 0.7183
10000 723 7.230000e-03 0.7230
12589 640 6.400000e-03 0.7181
15849 575 5.750000e-03 0.7239
19953 504 5.040000e-03 0.7119
25119 445 4.450000e-03 0.7053
31623 395 3.950000e-03 0.7024
39811 356 3.560000e-03 0.7103
50119 326 3.260000e-03 0.7298
63096 298 2.980000e-03 0.7485
79433 269 2.690000e-03 0.7581
100000 244 2.440000e-03 0.7716
125893 223 2.230000e-03 0.7912
158489 199 1.990000e-03 0.7922
199526 174 1.740000e-03 0.7772
251189 155 1.550000e-03 0.7768
316228 143 1.430000e-03 0.8041
398107 130 1.300000e-03 0.8202
501187 118 1.180000e-03 0.8354
630957 111 1.110000e-03 0.8817
794328 98 9.800000e-04 0.8734
1000000 90 9.000000e-04 0.9000
