# qsurv mode=trans param=2 paths=200000 TMAX=1000000 seed=102 chains=2 censored=0 mean_steps=13007.5
# T survivors q sqrtT_q
1 200000 1.000000e+00 1.0000
2 200000 1.000000e+00 1.4142
3 174838 8.741900e-01 1.5141
4 149860 7.493000e-01 1.4986
5 137207 6.860350e-01 1.5340
6 127798 6.389900e-01 1.5652
8 117769 5.888450e-01 1.6655
10 111709 5.585450e-01 1.7663
13 105206 5.260300e-01 1.8966
16 100572 5.028600e-01 2.0114
20 96181 4.809050e-01 2.1507
25 92090 4.604500e-01 2.3022
32 87927 4.396350e-01 2.4870
40 84182 4.209100e-01 2.6621
50 80587 4.029350e-01 2.8492
63 76904 3.845200e-01 3.0520
79 73318 3.665900e-01 3.2583
100 69581 3.479050e-01 3.4790
126 65933 3.296650e-01 3.7005
158 62357 3.117850e-01 3.9191
200 58589 2.929450e-01 4.1429
251 54937 2.746850e-01 4.3518
316 51342 2.567100e-01 4.5634
398 47782 2.389100e-01 4.7662
501 44479 2.223950e-01 4.9779
631 41193 2.059650e-01 5.1738
794 37937 1.896850e-01 5.3449
1000 34820 1.741000e-01 5.5055
1259 31829 1.591450e-01 5.6468
1585 29068 1.453400e-01 5.7863
1995 26469 1.323450e-01 5.9112
2512 24082 1.204100e-01 6.0349
3162 21826 1.091300e-01 6.1366
3981 19723 9.861500e-02 6.2221
5012 17843 8.921500e-02 6.3160
6310 16037 8.018500e-02 6.3695
7943 14407 7.203500e-02 6.4200
10000 12906 6.453000e-02 6.4530
12589 11575 5.787500e-02 6.4936
15849 10332 5.166000e-02 6.5036
19953 9193 4.596500e-02 6.4928
25119 8256 4.128000e-02 6.5425
31623 7363 3.681500e-02 6.5468
39811 6595 3.297500e-02 6.5794
50119 5914 2.957000e-02 6.6199
63096 5286 2.643000e-02 6.6389
79433 4726 2.363000e-02 6.6598
100000 4221 2.110500e-02 6.6740
125893 3763 1.881500e-02 6.6758
158489 3343 1.671500e-02 6.6544
199526 2956 1.478000e-02 6.6020
251189 2664 1.332000e-02 6.6758
316228 2358 1.179000e-02 6.6300
398107 2110 1.055000e-02 6.6566
501187 1877 9.385000e-03 6.6441
630957 1665 8.325000e-03 6.6128
794328 1466 7.330000e-03 6.5329
1000000 1338 6.690000e-03 6.6900
