# qsurv mode=trans param=32 paths=100000 TMAX=1000000 seed=132 chains=32 censored=0 mean_steps=589.6
# T survivors q sqrtT_q
1 100000 1.000000e+00 1.0000
2 100000 1.000000e+00 1.4142
3 87495 8.749500e-01 1.5155
4 74951 7.495100e-01 1.4990
5 65663 6.566300e-01 1.4683
6 59441 5.944100e-01 1.4560
8 49619 4.961900e-01 1.4034
10 43162 4.316200e-01 1.3649
13 36221 3.622100e-01 1.3060
16 30946 3.094600e-01 1.2378
20 25726 2.572600e-01 1.1505
25 21133 2.113300e-01 1.0566
32 16855 1.685500e-01 0.9535
40 13723 1.372300e-01 0.8679
50 11317 1.131700e-01 0.8002
63 9321 9.321000e-02 0.7398
79 7751 7.751000e-02 0.6889
100 6415 6.415000e-02 0.6415
126 5378 5.378000e-02 0.6037
158 4526 4.526000e-02 0.5689
200 3783 3.783000e-02 0.5350
251 3233 3.233000e-02 0.5122
316 2742 2.742000e-02 0.4874
398 2327 2.327000e-02 0.4642
501 1970 1.970000e-02 0.4409
631 1682 1.682000e-02 0.4225
794 1437 1.437000e-02 0.4049
1000 1222 1.222000e-02 0.3864
1259 1066 1.066000e-02 0.3782
1585 911 9.110000e-03 0.3627
1995 797 7.970000e-03 0.3560
2512 680 6.800000e-03 0.3408
3162 571 5.710000e-03 0.3211
3981 504 5.040000e-03 0.3180
5012 444 4.440000e-03 0.3143
6310 369 3.690000e-03 0.2931
7943 319 3.190000e-03 0.2843
10000 284 2.840000e-03 0.2840
12589 256 2.560000e-03 0.2872
15849 227 2.270000e-03 0.2858
19953 202 2.020000e-03 0.2853
25119 172 1.720000e-03 0.2726
31623 152 1.520000e-03 0.2703
39811 138 1.380000e-03 0.2753
50119 122 1.220000e-03 0.2731
63096 111 1.110000e-03 0.2788
79433 96 9.600000e-04 0.2706
100000 91 9.100000e-04 0.2878
125893 80 8.000000e-04 0.2839
158489 75 7.500000e-04 0.2986
199526 64 6.400000e-04 0.2859
251189 55 5.500000e-04 0.2757
316228 51 5.100000e-04 0.2868
398107 43 4.300000e-04 0.2713
501187 41 4.100000e-04 0.2903
630957 36 3.600000e-04 0.2860
794328 31 3.100000e-04 0.2763
1000000 28 2.800000e-04 0.2800
