# qsurv mode=trans param=4 paths=200000 TMAX=1000000 seed=104 chains=4 censored=0 mean_steps=6608.2
# T survivors q sqrtT_q
1 200000 1.000000e+00 1.0000
2 200000 1.000000e+00 1.4142
3 174934 8.746700e-01 1.5150
4 150089 7.504450e-01 1.5009
5 131393 6.569650e-01 1.4690
6 121898 6.094900e-01 1.4929
8 108413 5.420650e-01 1.5332
10 99974 4.998700e-01 1.5807
13 91506 4.575300e-01 1.6496
16 85283 4.264150e-01 1.7057
20 79311 3.965550e-01 1.7734
25 73968 3.698400e-01 1.8492
32 68866 3.443300e-01 1.9478
40 64563 3.228150e-01 2.0417
50 60514 3.025700e-01 2.1395
63 56507 2.825350e-01 2.2426
79 52748 2.637400e-01 2.3442
100 49049 2.452450e-01 2.4524
126 45605 2.280250e-01 2.5596
158 42236 2.111800e-01 2.6545
200 38844 1.942200e-01 2.7467
251 35745 1.787250e-01 2.8315
316 32817 1.640850e-01 2.9168
398 29900 1.495000e-01 2.9825
501 27189 1.359450e-01 3.0429
631 24726 1.236300e-01 3.1056
794 22394 1.119700e-01 3.1551
1000 20262 1.013100e-01 3.2037
1259 18231 9.115500e-02 3.2344
1585 16373 8.186500e-02 3.2592
1995 14788 7.394000e-02 3.3026
2512 13242 6.621000e-02 3.3184
3162 11845 5.922500e-02 3.3303
3981 10661 5.330500e-02 3.3633
5012 9539 4.769500e-02 3.3766
6310 8545 4.272500e-02 3.3939
7943 7615 3.807500e-02 3.3934
10000 6833 3.416500e-02 3.4165
12589 6075 3.037500e-02 3.4081
15849 5422 2.711000e-02 3.4130
19953 4799 2.399500e-02 3.3894
25119 4264 2.132000e-02 3.3790
31623 3813 1.906500e-02 3.3903
39811 3369 1.684500e-02 3.3610
50119 2973 1.486500e-02 3.3279
63096 2676 1.338000e-02 3.3609
79433 2381 1.190500e-02 3.3553
100000 2114 1.057000e-02 3.3425
125893 1859 9.295000e-03 3.2980
158489 1652 8.260000e-03 3.2884
199526 1472 7.360000e-03 3.2876
251189 1308 6.540000e-03 3.2778
316228 1192 5.960000e-03 3.3516
398107 1057 5.285000e-03 3.3346
501187 938 4.690000e-03 3.3203
630957 840 4.200000e-03 3.3362
794328 739 3.695000e-03 3.2932
1000000 661 3.305000e-03 3.3050
