# qsurv mode=trans param=8 paths=200000 TMAX=1000000 seed=108 chains=8 censored=0 mean_steps=2956.8
# T survivors q sqrtT_q
1 200000 1.000000e+00 1.0000
2 200000 1.000000e+00 1.4142
3 175100 8.755000e-01 1.5164
4 149972 7.498600e-01 1.4997
5 131325 6.566250e-01 1.4683
6 118741 5.937050e-01 1.4543
8 102468 5.123400e-01 1.4491
10 92081 4.604050e-01 1.4559
13 80984 4.049200e-01 1.4600
16 73262 3.663100e-01 1.4652
20 65688 3.284400e-01 1.4688
25 59158 2.957900e-01 1.4789
32 52886 2.644300e-01 1.4958
40 47946 2.397300e-01 1.5162
50 43438 2.171900e-01 1.5358
63 39219 1.960950e-01 1.5565
79 35573 1.778650e-01 1.5809
100 32044 1.602200e-01 1.6022
126 28916 1.445800e-01 1.6229
158 26062 1.303100e-01 1.6380
200 23213 1.160650e-01 1.6414
251 20857 1.042850e-01 1.6522
316 18641 9.320500e-02 1.6568
398 16646 8.323000e-02 1.6604
501 14787 7.393500e-02 1.6549
631 13115 6.557500e-02 1.6472
794 11630 5.815000e-02 1.6386
1000 10314 5.157000e-02 1.6308
1259 9129 4.564500e-02 1.6196
1585 8044 4.022000e-02 1.6012
1995 7133 3.566500e-02 1.5930
2512 6292 3.146000e-02 1.5768
3162 5504 2.752000e-02 1.5475
3981 4883 2.441500e-02 1.5405
5012 4328 2.164000e-02 1.5320
6310 3819 1.909500e-02 1.5168
7943 3432 1.716000e-02 1.5294
10000 3050 1.525000e-02 1.5250
12589 2722 1.361000e-02 1.5271
15849 2414 1.207000e-02 1.5195
19953 2124 1.062000e-02 1.5001
25119 1909 9.545000e-03 1.5128
31623 1693 8.465000e-03 1.5053
39811 1504 7.520000e-03 1.5004
50119 1341 6.705000e-03 1.5011
63096 1194 5.970000e-03 1.4996
79433 1054 5.270000e-03 1.4853
100000 954 4.770000e-03 1.5084
125893 836 4.180000e-03 1.4831
158489 736 3.680000e-03 1.4650
199526 643 3.215000e-03 1.4361
251189 581 2.905000e-03 1.4559
316228 508 2.540000e-03 1.4283
398107 446 2.230000e-03 1.4070
501187 400 2.000000e-03 1.4159
630957 371 1.855000e-03 1.4735
794328 336 1.680000e-03 1.4973
1000000 309 1.545000e-03 1.5450
