# qsurv mode=trans param=6 paths=200000 TMAX=1000000 seed=106 chains=6 censored=0 mean_steps=4594.0
# T survivors q sqrtT_q
1 200000 1.000000e+00 1.0000
2 200000 1.000000e+00 1.4142
3 174953 8.747650e-01 1.5151
4 150140 7.507000e-01 1.5014
5 131582 6.579100e-01 1.4711
6 122135 6.106750e-01 1.4958
8 107172 5.358600e-01 1.5156
10 97078 4.853900e-01 1.5349
13 86697 4.334850e-01 1.5630
16 79422 3.971100e-01 1.5884
20 72390 3.619500e-01 1.6187
25 66294 3.314700e-01 1.6573
32 60363 3.018150e-01 1.7073
40 55619 2.780950e-01 1.7588
50 51323 2.566150e-01 1.8145
63 47158 2.357900e-01 1.8715
79 43331 2.166550e-01 1.9257
100 39566 1.978300e-01 1.9783
126 36113 1.805650e-01 2.0268
158 32981 1.649050e-01 2.0728
200 29834 1.491700e-01 2.1096
251 27154 1.357700e-01 2.1510
316 24552 1.227600e-01 2.1822
398 22163 1.108150e-01 2.2108
501 20040 1.002000e-01 2.2428
631 18073 9.036500e-02 2.2699
794 16143 8.071500e-02 2.2744
1000 14434 7.217000e-02 2.2822
1259 12864 6.432000e-02 2.2822
1585 11462 5.731000e-02 2.2816
1995 10249 5.124500e-02 2.2889
2512 9152 4.576000e-02 2.2935
3162 8193 4.096500e-02 2.3035
3981 7273 3.636500e-02 2.2945
5012 6467 3.233500e-02 2.2892
6310 5753 2.876500e-02 2.2850
7943 5103 2.551500e-02 2.2740
10000 4556 2.278000e-02 2.2780
12589 4035 2.017500e-02 2.2636
15849 3589 1.794500e-02 2.2591
19953 3179 1.589500e-02 2.2452
25119 2862 1.431000e-02 2.2680
31623 2564 1.282000e-02 2.2798
39811 2286 1.143000e-02 2.2806
50119 2036 1.018000e-02 2.2790
63096 1805 9.025000e-03 2.2670
79433 1609 8.045000e-03 2.2674
100000 1426 7.130000e-03 2.2547
125893 1292 6.460000e-03 2.2921
158489 1140 5.700000e-03 2.2692
199526 1020 5.100000e-03 2.2781
251189 923 4.615000e-03 2.3130
316228 830 4.150000e-03 2.3337
398107 742 3.710000e-03 2.3409
501187 658 3.290000e-03 2.3291
630957 584 2.920000e-03 2.3194
794328 529 2.645000e-03 2.3574
1000000 472 2.360000e-03 2.3600
