# qsurv mode=trans param=3 paths=200000 TMAX=1000000 seed=103 chains=3 censored=0 mean_steps=9094.0
# T survivors q sqrtT_q
1 200000 1.000000e+00 1.0000
2 200000 1.000000e+00 1.4142
3 175050 8.752500e-01 1.5160
4 150341 7.517050e-01 1.5034
5 137701 6.885050e-01 1.5395
6 128269 6.413450e-01 1.5710
8 115752 5.787600e-01 1.6370
10 108079 5.403950e-01 1.7089
13 100084 5.004200e-01 1.8043
16 94353 4.717650e-01 1.8871
20 88825 4.441250e-01 1.9862
25 83822 4.191100e-01 2.0955
32 78871 3.943550e-01 2.2308
40 74601 3.730050e-01 2.3591
50 70532 3.526600e-01 2.4937
63 66371 3.318550e-01 2.6340
79 62607 3.130350e-01 2.7823
100 58715 2.935750e-01 2.9357
126 54939 2.746950e-01 3.0834
158 51455 2.572750e-01 3.2339
200 47724 2.386200e-01 3.3746
251 44392 2.219600e-01 3.5165
316 41042 2.052100e-01 3.6479
398 37733 1.886650e-01 3.7639
501 34585 1.729250e-01 3.8706
631 31574 1.578700e-01 3.9656
794 28822 1.441100e-01 4.0607
1000 26304 1.315200e-01 4.1590
1259 23946 1.197300e-01 4.2483
1585 21625 1.081250e-01 4.3047
1995 19618 9.809000e-02 4.3812
2512 17701 8.850500e-02 4.4359
3162 15927 7.963500e-02 4.4780
3981 14380 7.190000e-02 4.5365
5012 12963 6.481500e-02 4.5886
6310 11575 5.787500e-02 4.5973
7943 10330 5.165000e-02 4.6032
10000 9279 4.639500e-02 4.6395
12589 8259 4.129500e-02 4.6333
15849 7408 3.704000e-02 4.6631
19953 6636 3.318000e-02 4.6868
25119 5905 2.952500e-02 4.6794
31623 5265 2.632500e-02 4.6813
39811 4690 2.345000e-02 4.6789
50119 4170 2.085000e-02 4.6677
63096 3704 1.852000e-02 4.6520
79433 3317 1.658500e-02 4.6743
100000 2951 1.475500e-02 4.6659
125893 2606 1.303000e-02 4.6232
158489 2332 1.166000e-02 4.6419
199526 2082 1.041000e-02 4.6500
251189 1842 9.210000e-03 4.6159
316228 1650 8.250000e-03 4.6393
398107 1458 7.290000e-03 4.5997
501187 1289 6.445000e-03 4.5627
630957 1143 5.715000e-03 4.5396
794328 1012 5.060000e-03 4.5097
1000000 900 4.500000e-03 4.5000
