# qsurv mode=trans param=1 paths=200000 TMAX=1000000 seed=101 chains=1 censored=0 mean_steps=21876.4
# T survivors q sqrtT_q
1 200000 1.000000e+00 1.0000
2 200000 1.000000e+00 1.4142
3 175096 8.754800e-01 1.5164
4 162599 8.129950e-01 1.6260
5 150050 7.502500e-01 1.6776
6 143849 7.192450e-01 1.7618
8 136125 6.806250e-01 1.9251
10 131514 6.575700e-01 2.0794
13 126469 6.323450e-01 2.2800
16 122927 6.146350e-01 2.4585
20 119543 5.977150e-01 2.6731
25 116360 5.818000e-01 2.9090
32 112860 5.643000e-01 3.1922
40 109629 5.481450e-01 3.4668
50 106424 5.321200e-01 3.7627
63 102951 5.147550e-01 4.0857
79 99350 4.967500e-01 4.4152
100 95589 4.779450e-01 4.7794
126 91857 4.592850e-01 5.1555
158 88161 4.408050e-01 5.5408
200 84161 4.208050e-01 5.9511
251 80181 4.009050e-01 6.3515
316 76069 3.803450e-01 6.7612
398 71837 3.591850e-01 7.1657
501 67581 3.379050e-01 7.5633
631 63351 3.167550e-01 7.9568
794 59136 2.956800e-01 8.3317
1000 54906 2.745300e-01 8.6814
1259 50650 2.532500e-01 8.9859
1585 46641 2.332050e-01 9.2844
1995 42796 2.139800e-01 9.5575
2512 39224 1.961200e-01 9.8295
3162 35789 1.789450e-01 10.0624
3981 32612 1.630600e-01 10.2883
5012 29618 1.480900e-01 10.4841
6310 26737 1.336850e-01 10.6193
7943 24085 1.204250e-01 10.7327
10000 21666 1.083300e-01 10.8330
12589 19430 9.715000e-02 10.9003
15849 17461 8.730500e-02 10.9911
19953 15544 7.772000e-02 10.9783
25119 13919 6.959500e-02 11.0301
31623 12450 6.225000e-02 11.0698
39811 11163 5.581500e-02 11.1366
50119 9955 4.977500e-02 11.1433
63096 8794 4.397000e-02 11.0448
79433 7891 3.945500e-02 11.1199
100000 7015 3.507500e-02 11.0917
125893 6248 3.124000e-02 11.0844
158489 5603 2.801500e-02 11.1530
199526 4998 2.499000e-02 11.1626
251189 4466 2.233000e-02 11.1915
316228 4006 2.003000e-02 11.2637
398107 3573 1.786500e-02 11.2721
501187 3182 1.591000e-02 11.2634
630957 2817 1.408500e-02 11.1881
794328 2523 1.261500e-02 11.2431
1000000 2262 1.131000e-02 11.3100
